10040:
2417853
1207062
2487973
17001:
1852201
1492487
1268308
10004:
1737087
1270334
1262711
1903515
2140798
2479158
2161335
2099522
1291600
2198877
2214717
1936582
84804
1257912
1263375
735147
1186407
350806
1141242
638738
590598
1704823
2238464
273497
2499539
2543444
119309
2540335
129495
956464
1648424
2043:
1417435
2312054
462685
1428041
2109681
1961694
1738784
618234
1341301
214520
814483
1537068
2488713
1265920
407115
883815
619048
92970
15335:
1807888
989228
2427822
1587310
1052711
1402114
441856
1562169
551386
1207675
1866424
439870
1464617
1941488
539308
837155
800683
1844320
706372
549730
2340635
50769
1048586
1151443
2115291
626342
2349977
1042183
772590
2589797
1129582
268529
458819
127985
264190
318700
809797
2539738
2133584
2285454
916320
1544635
1875932
1387485
1677609
1469603
2484635
1437480
122608
2269301
1091709
1001:
1050889
67976
1025642
624334
239718
549109
143504
584301
437680
2434971
400819
1841130
1926199
805709
545109
662875
74408
529725
1786012
2382523
1358422
780049
1894639
1014799
2176030
286045
1381947
386254
224172
404085
2005305
1956315
2580275
2110738
1525405
2187027
1995906
2133433
2097983
884805
2083077
1642134
2550380
2559056
1080407
1455000
498315
2464251
1149181
2117376
1368543
1216717
1727516
1771413
2326782
2423679
1198786
1042938
2640911
328713
2591056
256030
1363889
2615076
52736
1359594
1385396
2414993
1274754
715115
795536
1991455
1107351
1451770
1433190
1769644
875020
2456714
906813
837457
672807
1863197
2585014
666419
1849372
1308814
2344636
755775
768710
2334860
468090
1996056
1603215
274970
1060880
721144
1381762
1589154
2033841
1372601
2339869
41031
655047
916708
1924771
1686092
1552908
329102
1181907
1762077
1583835
773994
25452
321005
1369500
2429351
396491
1745676
2204817
2624938
491487
1298591
77828
1047191
2642897
2494183
1337506
1802655
126058
940778
1988427
1720476
1947287
31062
10010:
1462925
52050
650466
1813166
2224061
815731
154626
531384
696688
1088633
639327
59938
1856669
2034703
1060588
2475682
1075860
1633365
681503
186927
2374977
2113696
1677862
10013:
2503691
1222878
843201
2271154
1346139
124014
1501028
2201453
225422
222553
1521657
295833
10616
512945
844777
973206
2246803
395087
2360499
1153049
1846387
1454544
1018789
914602
1321443
1150421
2045002
1379641
178089
291407
2229322
2177405
105997
2346736
1729494
472225
1233535
1529676
1414279
461311
1715286
1714052
649457
451510
494014
1544885
110412
1894679
1006623
467438
776931
952735
221590
348279
1911099
1923760
397753
10021:
2366406
1033592
249998
1205724
10022:
510391
268014
2511719
661571
1824779
2178013
2104013
1829777
10044:
1443524
2179335
1641999
1084367
414171
1618140
2562136
2502874
2625427
2604177
1286332
136596
1643730
2605544
830051
2241622
421029
2202698
2053887
2399246
1453293
939013
182269
1213190
386568
1000554
123376
351076
2555414
380257
1777484
682084
1718433
346450
939871
569506
566918
1272486
406024
181502
2068190
728029
1302219
1696090
755723
471880
993472
1787938
36621
1293932
1974509
866430
2199443
1241337
2118726
177357
817664
595421
1110479
1279567
1563452
624343
325889
537600
10097:
987345
2468875
1037533
938703
1224959
737514
240869
298084
103889
255531
1226449
160892
1693787
1840613
462292
1818906
127008
818982
198630
240694
166267
1631069
2558578
343929
326858
345444
1983147
691208
2620516
1395175
10138:
2183983
793082
2276375
10140:
356893
1351463
860407
220144
1225818
1421606
2142990
1110425
2109739
1971494
2445651
2376428
2166365
991452
1084457
132822
174777
1959190
1796166
2608884
1895817
854835
1636967
2623610
2118885
473772
1749173
2290272
273573
885507
490872
1735941
2002898
1720908
1648588
1808531
738665
351789
937794
2629877
381745
1986537
1790088
1201168
708303
1492492
1229860
363114
2038807
2282389
1028148
627852
323568
1667409
1063952
10141:
1575559
2611748
2495988
616280
1779352
484681
46493
2278117
1628558
1902621
1792849
2350988
1712089
2166060
912442
1583497
96050
2005499
2367515
1093991
558841
555066
2096362
787091
2254982
1739575
1531608
592279
970390
2217698
1950120
2488820
1974571
1529147
2062253
1575393
67905
611251
2399314
1769167
210296
1717521
1241643
1050043
2297776
692964
2147057
1232574
2360425
2045952
2024051
270708
822567
930019
1344576
1142041
2302027
1864423
2482710
1956651
417024
1092280
856824
237664
1190035
1598341
2380830
1392517
1506456
152713
2570299
1021090
128241
1274765
1628295
2592597
1184222
1055540
366310
1569342
32667
197795
10142:
1443077
1508325
1680622
1379773
185762
2510662
319398
205005
2019879
1460768
1922861
2101393
2235523
2383711
812008
1756098
1805495
390843
296454
684725
1098655
160517
1423541
232101
10143:
51762
2174260
652869
1293661
1188085
1277858
1410931
766766
2647856
2065639
593892
314526
124638
489352
374663
443091
2109300
1746
2278057
2502889
1433987
1355058
435986
1823239
726884
555326
2322950
1038251
554208
58354
1599636
872052
398107
2273731
404115
1696942
251491
415075
2411735
2260286
479424
986066
983180
762857
1906628
75230
1207886
1905375
2278159
465993
759346
2582526
120372
2246808
113215
230014
773266
2579356
364639
2455103
1459292
1833615
2137537
2253668
431404
271211
816232
618390
2456712
997033
2514559
2592660
912234
1093225
1262154
1305507
1800988
2156368
177636
2201660
1740017
2286680
1169307
977911
1888043
852961
3906
1636068
591830
2627248
1328303
10159:
652964
194426
1020403
1454357
200255
733291
1021517
1386345
442322
2161977
69809
285597
314635
884203
1562924
1149838
374742
1271757
1465806
434210
2069446
1881445
1323907
1042163
532406
291018
1842771
270212
578055
435549
1642330
1602927
633283
1779620
2336734
210386
1766858
1415648
462634
116058
2057272
1812311
1884518
1780916
1036280
181112
1931293
713470
634569
2295960
1663781
1016:
687304
10160:
1495561
1859181
10161:
909302
2291776
2411892
1293472
1663781
10179:
1363877
503328
2206237
2499306
1804582
1022629
788237
2463238
1367853
846622
813592
1055470
2350111
221666
403469
2548441
194373
2212386
620247
282230
1924708
2223851
584352
961144
2149110
1728944
792420
751078
2298676
1931780
1162025
1018:
1236938
2500683
1242704
2210653
1601193
2163565
1319155
116321
10181:
451059
1169968
1415
370040
895154
149359
10182:
2145432
954273
1502605
960007
428153
1990616
458224
777795
1491773
265948
2611730
1971554
68458
1670643
2460989
571761
10183:
642612
10184:
2546393
1553052
2402785
2318192
924457
10185:
2073815
2509352
249288
535396
2578904
179127
2364536
2288309
1291816
1793628
1231531
1424306
1038625
2377425
1536728
1783217
2110683
1265477
1432239
1409711
10253:
1558312
2259898
2302066
604551
1156358
494455
1087412
1983219
775438
2030901
1370843
99613
1863329
1332933
712445
416107
2179210
1965323
2072111
1264657
2412566
450048
1631846
813659
2416329
2137450
2547515
945595
2119095
1285308
2194664
2492979
1357018
2307786
1529820
2479500
473062
1255448
1043396
76832
2408694
2178923
2058200
2244163
613973
2537717
1371647
265301
42313
1687201
1139749
432383
166313
74477
10254:
181725
2235489
520465
195728
978057
1324539
2557544
607470
1435335
2577522
1219822
687575
2489466
2600762
1417474
494494
893398
579549
2296307
256696
1596412
14976
1681614
1319605
1437433
1642347
1101916
1955660
1720402
565401
1819629
383679
874760
2574617
2216264
333717
330482
2035004
135161
1664393
1502270
831839
2250663
2542163
281727
358729
2593255
1503534
2391200
1599368
1077103
1477154
12138
2398013
2268152
1380641
360324
1635029
1817059
2072276
1275089
265266
1820515
739294
1372409
1851578
1987336
186826
2546819
509009
2095882
2050056
10255:
1053933
420780
2569646
776377
1768143
362343
1870008
1519723
554186
1976079
2613147
1939822
2141380
2459178
1806782
1924616
1085942
1545603
1840254
2298501
5323
1192903
373278
1988671
567007
803741
1724250
972552
2510560
1881469
2408176
1529742
1253198
562109
130567
1484022
2440372
1045490
2448531
1231654
8934
1185909
2091822
1086084
168952
2009384
2281678
2084957
1290564
303834
611118
605707
2000315
1700405
8441
446493
640025
2248484
85287
1884948
2350962
2112912
998790
1938891
1753242
1366528
344205
1898077
824315
887873
1972872
2372175
1855093
1502270
63936
1120209
2463649
2125024
1617427
1770414
1638965
820095
1117018
49799
1006853
1744432
1460874
633671
673645
1183489
907255
1240715
2199018
1573839
1721785
788056
2216699
1600966
547558
2259913
682965
591555
858202
2051691
43266
698753
953566
2290219
1381428
1720476
1060100
207840
2157455
11114:
91320
1689559
360830
695292
2577231
1834450
787985
2549042
2438512
854853
1153996
984183
557646
1945459
1327557
1432014
1826970
1347845
509701
439751
254961
458414
992337
2313468
544288
2309931
2186999
1645527
984085
116104
1462413
885988
2433261
566678
1048014
103539
153005
1534853
1652623
2491131
2023996
2322058
1544944
420555
1056313
1296410
1061337
255564
1071379
2428018
2074150
2224152
1285069
948931
1609949
2509193
1515430
1178540
385400
786205
1337631
859788
209746
11115:
1172696
35137
11116:
1676291
971668
11117:
2096661
2060500
11118:
104192
2392201
1976470
11119:
1115188
1781910
888617
2420841
1325637
1359577
2338616
80851
2147731
1754091
1661099
2010206
135677
1558381
11121:
2157389
1353291
913080
382143
860636
823437
766174
2150659
1550262
1188522
11122:
282969
1446793
2025734
2238201
2311755
2396401
11123:
225291
2207114
1872855
1948817
1215876
2370520
2537822
1802664
1770682
1861330
1884000
1514257
1656037
1528879
2025775
392
2440234
582588
1218011
1591488
1714983
1675885
1218855
1040017
897465
1160565
117400
1526298
21850
1455473
1856690
110060
1687581
828287
2358056
1749122
1750489
1481043
627688
2142917
2593184
1118590
1285592
671567
2392132
720196
579917
1817735
2049544
1988657
2390481
1691686
67905
1400694
1972824
417501
1525956
236915
167612
2540310
2606275
1083933
2263580
2364273
887558
2119168
1594259
127958
2518677
251324
1436256
2132764
1042163
1324068
688890
2268066
1790864
1321733
850560
2174812
805950
2003389
1147664
460224
2029114
2049710
1283346
12491
1049198
2392772
582785
1409000
2209196
1291441
1181059
1817238
269440
414903
2421732
2449583
720494
1556696
2247893
2344178
578752
341138
87984
214979
2411052
2241899
156752
328065
38977
1278271
1582575
1014801
892243
705443
2002657
961457
1433268
1779548
1904348
848251
248617
2319338
1622464
668234
1752697
274794
173152
334961
2479426
443073
2084472
2637974
269322
2521397
1038860
11124:
1471314
1659847
403183
148611
1905871
178914
2440400
2049054
1597776
775223
2159116
362307
1445632
1073587
1331071
1747096
1930526
1266646
1036809
1075206
33433
1730486
962359
307023
751825
619467
2220676
1092461
1773264
1599076
2027196
2055030
2411032
2504431
2078945
2359735
402437
755163
2364720
2266641
1081727
463412
199803
705770
159159
443432
2207151
1397482
1642308
2101881
1716184
1228106
168762
2459430
2466213
933998
11125:
269853
372894
1360140
10496
2203612
2320136
2119109
929371
1658036
11126:
876182
1284568
184503
1454169
923710
1587114
300417
1889212
1187662
662497
130510
1761072
1687853
1895205
1814777
1103492
186946
1840049
104899
2317533
1133683
2210032
116642
1642466
226380
1718982
1209262
630126
1734270
1061158
133739
515358
1656759
2474655
971548
1078943
988689
1559081
1066876
2316403
2280713
230654
537782
1814056
83386
2182012
1059925
2134477
364780
214794
1642127
2271593
638746
525309
323021
1949054
252628
2306882
1891858
875284
1507574
1888640
171029
2255772
873222
1893860
2478943
2378097
2509302
1112876
2147800
1164625
2579429
1832497
135803
2126573
412617
1059073
151849
1021213
254358
2573174
610078
1031128
225219
302028
2626197
1783462
1344273
1299727
404577
2109001
1083433
1422275
1245647
903248
1681961
852515
535266
1941013
290061
614869
462149
810940
415736
2040119
2170797
2647316
610460
214549
562866
1032849
628814
534957
379050
1981299
207757
290268
2018964
1409644
454348
1567006
2312467
1924935
23996
939242
802942
2179614
1671526
56646
1322276
2193832
211076
188992
1583627
132483
1110446
651784
358186
1733625
1476224
2026659
1362044
711755
2616427
2448853
903732
493553
1873712
11132:
2215372
2373080
2119306
2194277
196709
2155101
571379
1594163
152147
932728
599628
1108863
1928594
31789
352805
2354829
37492
1871902
1295998
79954
374674
1301934
2614981
1567408
91592
2145321
2128570
1668755
2220603
1436770
2108777
629265
2600960
2631725
1718323
1321114
493567
340002
1740208
1906046
1773553
2344538
2363366
387457
465726
2404624
1754114
309186
1409687
1025981
1062307
2356207
1039246
1858601
555384
2271516
1538855
2073899
681879
978124
808217
2200556
2386059
101635
1082768
2618943
1945921
247094
2290701
1808073
475278
256059
2013169
1882
2392084
772318
680006
2312307
577593
722007
1409020
1064949
1401369
650884
2588348
316593
1939745
1618249
786291
1630896
984085
1510915
1043680
2360494
989958
2487416
75647
1363171
2301334
1869811
552816
1915074
535324
748109
1856098
1642521
1290240
85276
227075
2331780
1667212
2510970
1901081
852340
758689
759012
185321
476810
2203056
2564681
571482
153297
2022051
1851008
1371388
2376914
368638
594517
229640
1472856
1877847
1270295
834395
1359764
2355498
770517
874778
201856
1327530
501204
112153
221948
1283709
2276579
719405
249432
1093748
744192
1123533
1621241
1497164
685059
1788461
1538694
1736027
916397
655056
1059173
786758
652216
1347797
1211552
348085
1228744
2226359
1431079
498151
610568
1386546
100965
350748
11279:
530957
1863587
1672477
1914931
1949628
1557300
1901659
1128460
992836
785263
829499
1166632
1126085
707988
2475919
1270009
2557529
1629880
567159
2517902
1438159
421347
1156235
1058229
2544437
308808
918442
1291694
2037602
210525
1979766
27139
477363
340740
1960811
778278
1370005
397591
58041
1836064
491549
1001914
2526113
633583
746300
2306526
2538976
2179930
1778723
1481060
2590597
2246569
20199
164733
1524936
2383990
1668779
2248168
832713
1266618
1712274
867662
2384122
1265391
1018985
1332764
2639595
2352834
1321374
1534330
749015
738014
1275433
1380913
1035865
427205
95456
2594211
845219
1683449
2468485
735925
134056
257021
969820
2631786
1727475
1668041
549092
160879
502868
769976
405389
707527
2356012
270025
842720
149602
2435243
1516795
409490
319865
1010271
2545022
2598907
835387
1071305
404841
2173110
67082
575923
2240060
2074072
722073
1604998
2387327
1666439
521640
1178611
2398622
1953422
1106732
1049142
516728
1834822
1714887
1397604
368940
626281
2184523
1516272
1993667
1653550
78595
2326818
2188541
1888936
1446762
1565989
2014207
2410802
773778
1559074
1316632
35294
1252645
1620698
916346
1373633
2230874
787
1001653
1721685
1106317
1107957
1390399
112800
663312
1176070
1901452
656621
1044686
2369743
1025095
1060447
2035008
1371574
978378
788825
963229
1896820
2468887
814298
1295013
444290
143285
233719
733269
501419
2488782
1889697
1724373
902960
1986729
2412872
273087
2113161
1450177
741629
4878
734624
1698149
989013
477469
822263
2473653
1674764
2144265
1141622
1748386
1476738
2290013
5768
779174
1471276
1884188
2626004
1719887
2294976
762262
213730
1498609
2578172
2525548
1872691
2039024
2496768
2575787
302637
363749
2501660
2438403
2197001
359644
2450550
1554193
799525
487223
2107792
1582843
2188353
625138
1082610
805025
1649684
853375
1285255
685095
1126597
321268
1979190
1207168
345891
947292
1174259
988922
801171
1633150
2600776
129391
595171
