10063:
2646124
1059193
2498639
2232100
846288
1891279
326040
2220804
1147138
477002
278598
1085817
1989258
1227162
10064:
66853
2242375
867948
10065:
2644587
1866984
311779
1022903
2245995
2030254
443483
848170
1615808
2543696
1973962
9323:
2502399
680356
873158
1660854
81130
170840
16453:
1569342
1055653
188319
111791
7418:
231255
1875772
2446732
225258
868754
1151943
11222:
1764950
1797887
2577857
430824
1852922
746090
7713:
1370476
1242811
1787418
2573171
1350702
352481
1330:
991429
1820065
647630
1002:
2174660
1685301
2030264
1419286
2520929
2035568
1288929
1680156
1858104
988266
2633719
156594
1384253
1417842
10020:
922636
1967058
1949297
1562927
2138373
431122
1077653
167248
776126
722639
2341725
1252652
251807
1751559
2398282
705246
47787
1064752
2308022
2414321
945481
1854443
2035232
951643
2381070
1011906
908968
10021:
2366406
1033592
249998
10033:
1989027
1227591
1810636
1335621
1001590
1207661
1401075
2403799
791223
639727
1957988
1762834
1381789
334033
10034:
2107088
69088
10035:
1651047
811486
2112205
2070135
2148631
2212430
822400
49255
801884
1303306
2268521
929407
2172403
282064
1985000
88318
1408280
2440091
1813810
1727192
10036:
2105693
842613
2557615
2125051
397569
2636037
2063030
2159553
1531624
437680
2091752
10071
472432
215393
1324372
2619107
1904442
646572
1970420
2461533
1880905
2030429
1845130
1521902
2161
2134637
417734
1010725
1261548
2316498
2494106
1082992
2541752
1317259
42211
2214676
1554836
234405
41897
2536262
2240178
1097048
2124584
671935
1677871
1223288
2192915
2068878
426137
696122
455707
1714077
333914
707412
9450
1390002
970271
1873549
2494920
32361
556369
504989
1030812
2350832
2401396
2207277
2035729
2646867
1154500
1132428
558523
8580
22964
1595703
1995943
2023361
2437646
2303816
336016
2224280
2438187
2465683
845006
1934299
2021702
725549
2031681
1441351
259822
812240
1723408
1994101
1184088
511569
2008955
576406
1371204
33130
1125370
706530
1511155
1787860
8129
2026150
1190492
1581139
1522922
2598077
1647159
2354598
997168
1008576
2046106
1466613
109154
2257846
2525634
1391499
2535303
1394196
1699044
857146
195153
52147
2398282
1715538
1981250
1585765
87273
1281611
1549677
355111
383108
180775
730570
1961276
1850833
228544
2344026
1841778
1372729
1801097
1197941
2006300
1227437
1438082
1109446
1956794
1791704
1914110
992576
264916
578055
782690
2383290
1544559
2179884
173760
747219
1782055
2646027
1984941
440949
924842
755689
1211291
2574257
2345522
220702
730768
2469669
1409483
713561
1994152
734075
1815129
1396608
1742906
1573284
2570733
171163
2090999
1636781
275039
2332819
174415
730375
218046
915942
875205
2418467
1384878
586402
2460085
1493212
54040
1445403
2067671
2186035
25266
260961
1451269
2213786
130601
1643234
1010065
1752442
123767
2063882
2178343
1722278
15833:
1032555
2517955
1389432
1662989
6588:
716786
81725
1778198
1004062
1415298
1013698
12125:
1458874
207618
2485896
2594956
2220472
547684
14928:
2568582
339662
1144787
1011582
2427165
25215
12042:
687355
497013
1630482
694764
2078741
6085:
993544
1288501
137163
1232408
2482256
2109890
5536:
67465
1355661
1514148
13706:
2427537
1009082
974302
1764923
2133411
233440
10064:
66853
2242375
867948
10065:
2644587
1866984
311779
1022903
2245995
2030254
443483
848170
1615808
2543696
1973962
379292
1693955
337701
2489253
937678
2139616
10066:
1544919
1712360
964645
608114
1943448
10067:
1747200
212759
1678519
1025440
2400195
10072:
1721684
948069
747395
1541854
2436553
2639141
152517
968466
852660
2332407
2149025
1985518
2563564
2436530
1568641
1045844
803093
1110245
809336
2091440
2640363
2613974
2227829
184077
2424227
504418
1824701
1056337
342854
1997031
2112651
1784778
1543077
10075:
2646449
10078:
2620220
2028757
582862
10079:
917805
999532
2154688
399926
200206
210481
1008:
32950
2518523
1733072
1619646
2620565
574670
124611
1968788
1791274
127088
355479
2397671
1014716
294890
1631646
489973
1827918
1955755
1691141
1245082
2020320
264360
336778
1468951
2567695
1296980
2387637
1027103
799650
2059956
1301605
1087747
1089037
2488249
9781
1927403
2276942
1695122
2258412
1614163
10080:
229220
1296825
934140
2518320
683880
1409611
2324522
1515269
650808
624334
1015960
181985
1658683
241712
477696
825966
835771
2452192
49429
1627837
1818887
1239426
1694860
921405
1042749
1121110
1953117
1308624
1344730
1361853
1238356
253707
1611693
1216933
2600588
1352887
457909
384781
1159110
1708857
2000071
2202242
354857
1487731
1837671
2633459
2360159
2100626
2029590
356410
2221143
342609
2246138
2456331
2409550
703131
1175506
505375
2027895
2216724
2425452
21212
1919510
966868
2291972
2209932
1865959
1351545
1689573
1135980
2284646
928192
1279382
768929
1588895
2360740
281979
564596
298669
767938
1053600
16477
870405
426066
534306
1463625
1022161
791621
2600419
2366251
1394815
413883
85082
1455730
2124228
1177965
1645243
1233631
10081:
252944
1253220
1376599
298750
2408948
365261
2542796
10082:
67679
2105693
1484526
2032893
1088027
2015749
1137317
830280
1241315
198422
643328
1293235
466806
382161
419321
216007
1250282
1340743
2304761
1673125
1580477
918917
2288573
1817656
2469232
2030080
353168
2369595
604571
201208
1354635
285477
242417
1756727
391409
1654268
1358071
2418164
2167413
337217
1594978
1998673
1593823
2340881
392878
1471629
1901834
1641213
1519355
2287563
2269057
1048624
616307
165288
10076:
1502898
2624371
453610
2272830
2592263
506736
2204:
410249
2223148
745439
759:
115269
717904
1526575
2095259
394833
271825
13231:
1703555
2479842
1395295
2550530
2386920
4639:
2511018
59758
1561241
1498180
1171408
1886809
16788:
1518744
1110428
192812
1923654
2549925
899810
14720:
2511202
6690
389082
1988375
10062:
1084001
995737
10063:
2646124
1059193
2498639
2232100
846288
1891279
326040
2220804
1147138
477002
278598
1085817
1989258
1227162
10064:
66853
2242375
867948
10065:
2644587
1866984
311779
1022903
2245995
2030254
443483
848170
1615808
2543696
1973962
379292
1693955
337701
2489253
937678
2139616
517128
2150901
2092667
650570
1345167
2317837
1708462
1484075
2043181
579834
501340
210750
904331
1009543
1573062
704521
624813
1777165
1257571
10064:
66853
2242375
867948
10065:
2644587
1866984
311779
1022903
2245995
2030254
443483
848170
1615808
2543696
1973962
379292
1693955
337701
2489253
937678
2139616
10066:
1544919
1712360
964645
608114
1943448
10067:
1747200
212759
1678519
1025440
2400195
10072:
1721684
948069
747395
1541854
2436553
2639141
152517
968466
852660
2332407
2149025
1985518
2563564
2436530
1568641
1045844
803093
1110245
809336
2091440
2640363
2613974
2227829
184077
2424227
504418
1824701
1056337
342854
1997031
2112651
1784778
1543077
10075:
2646449
10078:
2620220
2028757
582862
10079:
917805
999532
2154688
399926
200206
210481
1008:
32950
2518523
1733072
1619646
2620565
574670
124611
1968788
1791274
127088
355479
2397671
1014716
294890
1631646
489973
1827918
1955755
1691141
1245082
2020320
264360
336778
1468951
2567695
1296980
2387637
1027103
799650
2059956
1301605
1087747
1089037
2488249
9781
1927403
2276942
1695122
2258412
1614163
10080:
229220
1296825
934140
2518320
683880
1409611
2324522
1515269
650808
624334
1015960
181985
1658683
241712
477696
825966
835771
2452192
49429
1627837
1818887
1239426
1694860
921405
1042749
1121110
1953117
1308624
1344730
1361853
1238356
253707
1611693
1216933
2600588
1352887
457909
384781
1159110
1708857
2000071
2202242
354857
1487731
1837671
2633459
2360159
2100626
2029590
356410
2221143
342609
2246138
2456331
2409550
703131
1175506
505375
2027895
2216724
2425452
21212
1919510
966868
2291972
2209932
1865959
1351545
1689573
1135980
2284646
928192
1279382
768929
1588895
2360740
281979
564596
298669
767938
1053600
16477
870405
426066
534306
1463625
1022161
791621
2600419
2366251
1394815
413883
85082
1455730
2124228
1177965
1645243
1233631
10081:
252944
1253220
1376599
298750
2408948
365261
2542796
10082:
67679
2105693
1484526
2032893
1088027
2015749
1137317
830280
1241315
198422
643328
1293235
466806
382161
419321
216007
1250282
1340743
2304761
1673125
1580477
918917
2288573
1817656
2469232
2030080
353168
2369595
604571
201208
1354635
285477
242417
1756727
391409
1654268
1358071
2418164
2167413
337217
1594978
1998673
1593823
13212:
79520
2330387
1071251
2530642
2249964
1783871
12980:
651849
1353286
1037957
1582773
1992942
1002362
13138:
2143764
3570:
743178
1353684
2206698
167322
1100094
2556995
231:
2007071
1517799
167456
897360
1809340
161347
8691:
156821
1472571
1833824
346862
65269
2083866
8335:
960556
12810:
592889
2617185
1762314
1503656
838950
1806446
1452:
736115
257066
1796943
1269930
2450515
1409853
17585:
2540925
1174046
1160968
936396
325338
799917
12627:
1355775
224288
952764
2516529
158143
863569
467:
1894664
1637341
1432973
968365
455146
288890
13220:
1342551
2214593
1469515
1904387
1177286
1380222
9029:
1742042
1317996
1742709
1236810