10040:
2417853
1207062
2487973
7096:
1476159
523667
2275155
450301
1086635
1074444
10791:
1952295
2028025
799956
6585:
705960
1190317
1622983
543850
1413768
1037773
2013561
1221790
794765
9931:
14771:
1210025
906
349528
1810106
920697
1703323
1814370
837693
559583
446273
502342
1297773
1305227
642514
996318
1060370
2104570
5252:
1150295
1480458
1315515
358190
828399
265628
2311857
593570
2365237
795050
866:
196915
191745
2544518
743511
2373330
1652112
453549
291909
925688
1962130
2017501
715874
172177
329895
2388654
2468394
1617245
1711971
2121132
1141366
392738
6688:
1876877
2177447
1382384
1347014
333636
1655223
1256878
2406312
1995545
890573
1254046
498915
1340906
1649836
887273
1831:
2253090
1681844
1509245
2375951
2231404
1686991
2641518
1129347
1441507
1356732
7415:
1958179
105221
2429294
1569889
1445221
1457004
276680
1111021
31584
12852:
2595015
231848
1130956
1760686
1850143
2261112
1225267
887004
564226
610882
1518112
1110054
1438635
2553732
470587
1255620
1338265
1932354
1316225
1115010
513363
895561
1902714
240876
1492143
1939977
971550
1013953
1680806
1235580
451006
2526187
267513
135709
1728133
2097043
2074473
8174
6231
64789
677299
1923161
2546879
168762
2069137
2492420
1175506
1985056
1099326
1623723
629561
1153179
903186
787827
921018
1897848
1507560
1729018
462945
1700421
1628980
658141
358298
543274
1539739
320281
48923
102079
1562186
1590900
93916
2506830
1989227
2516220
1537695
17372:
1599689
1770465
1066271
2013074
1558491
571610
1360531
2363287
1342387
940130
1552151
2541434
1765137
1825379
1690510
774996
661424
310996
880:
562281
89649
1021587
1558163
1272887
1380690
16051
355686
1044450
1830066
882718
120454
1184179
2467675
27693
1106398
1756389
2496849
2631439
718435
2160486
82020
2561197
304307
1471136
2032365
2517882
1430601
712545
15584
383:
2101238
531125
1582647
2337971
1936078
15505:
1272552
1641851
15714:
1066345
1731009
1911434
15678:
2431148
2106076
1228547
2375422
794765
2308952
455022
617857
1689603
1048699
1855380
919378
13685:
2345930
875689
1674912
273431
434339
1451774
324425
1135967
933895
2088903
558643
766738
309097
2166844
1898749
2147406
2462783
14451:
1615023
2063104
353838
630156
1030074
1563301
416122
237550
1545107
2126773
1430115
1830085
511048
742350
1934442
3119:
762262
38464
638866
2043230
1051637
1145251
77965
1288326
268064
2083845
759028
1860102
823661
255564
899412
2584178
1491893
926977
251491
792420
2241965
2326386
1211021
1926234
148415
713701
1737839
2094693
932311
869468
11139:
2184168
715885
1714116
943241
276980
1979843
1934218
500452
930522
2353580
1385507
775347
1735662
1474657
1040151
702865
669394
1578969
442345
300065
68888
107739
1987191
1857590
178775
1730683
1964826
1641822
1807308
1084822
934693
2598907
697098
2405658
1052738
1063166
606256
1817485
1816449
2011077
801511
696578
10150
719676
2064186
381716
915321
1272297
1700671
997229
380615
1032502
465001
1435252
1494552
2400655
1002943
347003
351613
1088725
779476
977325
482506
1587102
169592
1552297
2566950
431299
858052
1772184
1322233
1469707
501255
1076397
234651
2615756
937784
629142
1666396
2322521
862274
703545
1617936
660207
1008561
106012
1063197
821103
786748
1161099
677729
1157892
245180
493965
692114
1814544
908422
1213860
761972
1508911
111337
1671383
2324855
1401665
1906465
2261875
2149545
1440811
666921
970517
2468158
2448552
1061053
1576106
639755
710543
928908
555857
902691
361552
1533832
48145
1173887
1679290
937314
40572
1766598
1884965
1503964
427268
555831
2197992
2106878
16323:
2543699
2643725
133780
15474:
2197763
453105
1839928
1798053
452440
1453928
88523
2202279
826999
1221897
2374608
1875239
1733123
2600631
1776249
1738872
263494
620546
1135679
1767402
1613679
2410487
637890
303002
519612
1235191
1768013
1358651
202607
446456
173973
1241482
2507709
1823650
639132
1283535
1947612
2147233
856829
96402
1085610
341910
21128
515270
697421
547646
2207243
1958634
1272382
2438194
1890908
64241
2016054
290141
1855317
1982026
719288
1149674
639618
35111
1460269
1129235
998607
1695823
2077566
1728891
1467275
1500762
369523
2425990
1448191
1771503
1827691
1613778
248085
2471463
5203:
2636534
800584
1990851
630887
1698384
1175930
1253085
1954061
1751785
2443542
13502:
1653066
260164
21606
877970
2515681
855384
132578
476197
2253748
2174195
1597177
392217
2635:
196140
790666
2315691
845618
1050021
976739
92290
1288212
2250323
681913
16605:
2398221
1755479
441544
1161266
1900368
910815
404479
1442393
1156462
603306
842769
415620
1563705
674040
2002660
912867
1978792
1574973
73814
965314
2414099
2531029
197989
411036
168135
727938
196414
1134119
1435298
680909
707521
2384136
2102183
1032198
1060195
55528
982804
2459493
1013086
773805
829491
936230
1491275
618035
540588
1100970
1391837
327808
2078004
230563
1559661
1935671
1925897
716860
1780507
1767798
2237446
1206790
1029793
822300
1008425
1252311
2618234
1505884
1216785
1174269
2561842
601221
1400549
333973
401425
642069
1538066
654373
2515496
737086
2637930
964604
1763479
883758
1062444
860874
1824980
2106664
1960851
2243023
1910395
992146
1704310
1805620
1602051
2348440
872503
596271
1886325
1573813
348482
2250840
980174
2345303
1521189
291494
1450121
2507937
392045
1969128
1699917
1083976
1076930
945730
198209
498364
2162515
1113235
1918480
2278035
789910
2521555
1087297
2500638
1514322
726049
1287166
433843
1269287
1511492
900531
1934481
737467
1069260
719156
110622
868789
2031039
5391:
1620416
377502
482027
2107824
908892
1926799
2475716
2490799
1501993
1129293
2615916
282899
2039782
1503725
458743
1014679
117119
1413451
962896
1336941
2065387
1060488
2260871
2624660
708690
335358
1079943
625128
2419225
1204249
493376
850657
841609
1868343
1018678
2392644
988926
2122411
799765
1273651
1297773
173583
2608635
1831750
1695122
2117875
424105
1163821
500965
1235860
613699
443067
245299
1617071
1769258
2425013
221644
181549
2280662
1258732
234275
1871364
139652
206971
2479051
1724339
662407
65972
2002682
1878784
328541
122323
2548688
1578257
118118
2333791
2555803
22706
1539500
2122799
238230
1427824
561341
2167575
653317
14135:
1267754
1033262
2150653
1716240
755344
925465
417248
1807774
677919
1856179
843712
1971273
978800
360272
1048925
439910
2561299
867394
334919
1230345
1862840
2647196
862362
1599873
1914678
663354
1216183
39735
958464
788892
160768
2419957
447153
433338
2351580
1506639
737905
452984
1266428
1300304
1400163
677023
1887327
2570750
1089877
765313
1709088
625957
1148655
2391186
485901
649591
46105
1144671
1910730
707116
802076
203765
263316
2235206
819540
717546
375534
2642683
1241985
2351923
15506
281688
389980
2366187
1119872
1813788
2071561
2612664
1538927
1765372
475631
1551517
1279098
622400
2176607
1838886
1244116
1075233
2061213
2024808
1489021
142909
968636
860246
1636847
1012459
1157074
973975
791506
1974369
2320944
1055593
2552381
1191032
1894458
2519712
912738
453265
599553
424512
2452603
2245510
2435350
1279042
2168586
562508
1852627
1817868
1058518
15121
1427548
1549001
993703
707314
2351599
1533211
1524915
1723770
387457
870185
124565
2344446
1775344
1718914
484792
719022
615515
1062685
863006
1484029
606925
391562
2060723
737210
750530
1961182
2483586
2418634
775313
2345580
667346
2399101
648166
1412204
1932804
2300571
1523998
1812667
1098724
755773
137288
60969
1378489
220125
1141105
73693
2392962
254603
2193912
218174
1957413
381358
2248232
1721633
863653
727484
1456547
2334607
1823722
2057287
1373056
79794
55053
1215201
2346190
61113
160941
996666
1483197
1467708
2268762
2332242
1158056
902680
1210629
319824
2397273
2168307
842194
2018438
958086
2457053
1367231
1611270
1435401
277791
226299
150468
2477090
1096707
2295340
2046664
1468746
1713044
1749866
701406
1872120
1451005
174676
24998
883597
1430001
1398139
448002
2186273
1114866
512189
418746
1827328
580140
1789543
651989
497232
1299184
1798545
1895456
1476224
2106681
642537
1741829
1575852
110255
1745057
1661415
318408
916397
449597
1754163
1342399
919452
964940
2288122
7884
1226253
598053
876961
1807695
1360159
1014838
795478
2115199
846050
891592
1031933
681476
72773
1892684
395104
592914
150663
655858
271055
1479701
1470209
488811
1746070
1554990
1499682
1379956
576803
2630035
2174863
532382
2489378
2509631
314009
1871659
2151581
312341
1022543
1183450
289736
573274
2116262
640333
2275381
2511143
339896
944027
41580
533948
1797427
254486
1242806
1491836
2179853
938519
1685676
664537
738680
592261
1099120
1675023
1839967
2346235
1106227
273821
252119
1979308
1143551
1480289
186951
344085
2162441
2215727
1888805
2077668
740671
1951108
2504674
1518381
1960630
598243
2395488
1618780
2297336
100863
534673
2610165
610731
2245474
678168
2075882
1581265
842277
439876
2564753
1466772
1526926
880434
2439696
1996534
1888556
1731362
203949
2329287
320576
2341092
1796943
2617030
1092822
2014385
25466
57278
1246340
2455119
439066
1391101
785997
2601283
1747652
2030106
1433420
2633727
2598023
2555344
2294263
546063
671870
1495742
2376783
2141958
1988613
2300583
220296
2557821
1892408
1600360
178794
1794083
14855
1585410
2545226
2047217
1626771
873291
1815395
297929
262353
458975
2268676
486283
1433378
694060
232822
2324370
2483583
2320651
2559642
2480868
525376
2228179
2157131
1685948
1342311
138481
678224
2266093
1461553
2166296
133745
588039
1891622
1778729
824717
2179685
1395493
1591452
1078175
1012086
898063
874485
1121970
2249546
1257991
2244742
1353855
1448171
1304323
1825707
891214
570018
2012250
2123826
2253224
25056
551670
1534422
377010
302272
1604799
1428690
66347
652085
1012590
2470988
2330585
2587481
198627
1735189
1636642
1547533
1541666
324634
199374
90273
1112856
923606
1838128
1637835
930874
1079519
1342348
2572983
607969
93389
1084932
2287573
1517586
103706
779371
1025193
1137529
971507
821364
870890
1290103
1691571
2704
1630068
775785
1438724
2417317
1604543
1788210
1539017
352362
1387753
1811662
2063657
1445127
1254936
1763704
2441014
1245709
976707
1746220
2520379
1071510
2586697
766727
727010
1253958
2197588
1821246
2170606
12932
753127
6603
2101707
2101713
1854033
1198909
912090
1520166
712664
981214
2191114
2006512
420600
1821117
978339
1608543
1113319
1291261
488327
1932535
1901725
1917910
1870289
2532801
566914
1757731
1219666
1848586
287450
1994672
252122
1982893
1633016
42578
469045
1167438
235252
1595859
1783589
797219
2542255
344811
86824
2039294
177371
291085
840937
2095445
2585859
289064
2522503
2550234
740214
673508
178421
1304862
1637788
1818911
2172214
775439
870394
1715742
1091922
624145
1622441
833198
1266403
1634545
2419573
1179121
900780
2249491
2307841
997332
1927813
1735293
1673201
2128239
828009
2620828
2323748
2020781
2158916
1420108
746823
1575115
1855229
1625075
583060
2120119
187385
521376
1019670
1026776
235185
2277163
2282001
1349229
2396052
1677262
1519094
1060719
1473357
629141
524200
1993413
643498
1574832
1211827
1590977
1453506
2572915
755616
2430233
1452533
258818
1112826
2102174
800429
829370
350737
2426336
1860885
1093904
1732828
9979
2466411
1548847
516965
2113578
303342
1501782
885988
1315577
2618075
745282
815860
2518870
336082
155983
2321465
2060936
1200504
1631492
906865
33916
843418
413634
1763269
900537
1318976
1847184
2024296
268685
1992776
2483979
1607009
128921
1517595
277130
1667209
432596
1885065
1872625
969774
1155301
569634
679308
2603624
1368621
1680924
433474
2341845
2537347
724270
190998
134360
2072978
1234255
570729
1923621
352831
1919451
849637
1804240
139045
272136
477968
979085
1974803
64748
618691
740412
1630549
1581153
1677275
2293620
1690703
1586437
1114884
438220
2578311
2509594
1923207
2002091
781860
141553
2352992
2151960
2191445
26612
338061
1642992
2255547
392627
108498
2003287
1543992
1253504
599684
667082
1624432
2235635
460999
2001691
993089
2252017
2338795
5530
2115106
605116
2093954
1012546
1947028
1771372
450021
2183854
909926
2473335
1460346
1080425
1155797
1979605
413022
2259691
2633844
751609
507862
2105599
2580394
2590751
418799
229199
876573
674359
561909
421149
744514
327620
2570661
1692921
2196105
2638719
1459955
2356898
995856
161506
251546
1065506
2525356
1620293
745447
258098
1982572
1013673
2557435
1063290
1967944
909493
168103
2371515
477544
858166
1458317
578482
1505455
2305406
751661
452121
1778795
1453129
1568237
1174251
887308
866691
1890816
1714181
2060108
1044819
227391
595850
1657207
1433116
2023527
466487
1114995
1999621
1090430
2198039
2030571
1427343
9850
850382
2392623
491691
2190079
1458453
1619653
1376335
8278:
381640
241175
1510146
1466529
1210282
1855542
2458037
1060593
2631006
665224
588249
1323151
2093099
1838615
751532
14924
1056502
2396597
306184
673259
2280284
1797408
825493
117661
247955
712282
1188440
2525463
294052
13357:
568977
1063035
2334651
561223
693239
2195568
1567246
709722
581787
168755
2464133
194639
1860001
1807781
2611456
6959:
26756
513693
2136757
921822
1931723
1888011
1002298
1645159
2388250
1398928
465139
1283882
492111
599993
745238
1250893
537338
1939268
2185222
276659
911766
2136954
2124083
1457319
751289
335322
1250006
30245
600590
2049291
693770
75489
2564697
1793:
1985664
153687
279711
659061
2424303
2345895
924687
206335
7358:
408285
1451623
2510759
574768
15463:
471046
875209
1483307
589297
247986
2618367
1796274
2419394
2637484
2581878
395373
154087
1157397
1499853
1554026
2612298
466763
2212895
158197
3543:
23259
5857:
1869460
835519
1627100
114:
725942
1379178
1856598
2492500
812892
1962908
461028
2503473
2332867
1551513
13095:
1630244
652592
764075
1722838
2503866
1499958
1758644
754286
753091
2635705
2596458
1124444
1705825
1042797
423425
1551637
927777
1761502
2145692
1387026
1553767
4854:
2481564
1613949
15075:
2219917
631420
2059029
2611750
19832
1470877
1456676
1149146
49142
1330657
822018
2100323
2061335
1537847
1161700
2247019
1975920
524142
327273
879115
1520478
1651190
2390890
2216132
731889
1213801
974204
967334
534957
1287052
500802
2240921
1830930
1652873
975468
1353289
2331527
144230
683003
834896
738247
399875
251285
1085863
2412607
1616104
617693
650667
1732941
630669
2192887
856273
794574
520175
1790918
1727627
681121
498536
487354
43517
43177
1338258
233106
2566967
656824
2196119
1304115
1124553
810060
2622351
786111
2347778
1957407
831755
2220262
2503760
182159
1501799
2553050
1019319
846971
148836
84555
887228
80482
359128
1794931
2373733
981164
984040
1581465
13912
212729
906666
91408
645800
223694
2031793
2180877
1338581
2516209
41477
250414
302686
2408402
1278132
809439
154485
1331056
16281:
2512391
444791
2224218
439871
292898
2071210
575860
1121136
798325
408789
1243651
718142
748874
1535425
596995
1445631
2174812
1168571
166311
1719760
1133763
557080
536819
52191
2250305
2171700
2491083
1332122
2513615
828326
939846
669086
667500
1258862
349975
2405948
2245381
2062052
1742201
1056632
2278373
1924377
1424487
1809679
2200075
1123870