10080:
229220
1296825
934140
2518320
683880
1409611
2324522
1515269
650808
624334
1015960
181985
1658683
241712
477696
825966
835771
2452192
49429
1627837
1818887
1239426
1694860
921405
1042749
1121110
1953117
1308624
1344730
1361853
1238356
253707
1611693
1216933
2600588
1352887
457909
384781
1159110
1708857
2000071
2202242
354857
1487731
1837671
2633459
2360159
2100626
2029590
356410
2221143
342609
2246138
2456331
2409550
703131
1175506
505375
2027895
2216724
2425452
21212
1919510
966868
2291972
2209932
1865959
1351545
1689573
1135980
2284646
928192
1279382
768929
1588895
2360740
281979
564596
298669
767938
1053600
16477
870405
426066
534306
1463625
1022161
791621
2600419
2366251
1394815
413883
85082
1455730
2124228
1177965
1645243
1233631
1081832
2336349
59596
1879955
774369
1382862
1568541
443286
647171
1084071
2310468
1715756
607633
1550492
1697635
602785
292758
375995
623297
1283908
1418302
363539
156747
2465094
2072590
1637013
424935
2056256
1949208
957348
163928
2350485
1853715
2545689
2243508
1438634
1734231
1078058
811134
2448511
193059
1422021
1606775
1672587
2568985
438879
1129746
1811113
522520
894354
2267950
2192915
536631
2337099
140287
2440264
45960
2112666
1467298
766313
2213136
183489
28774
1489023
29880
2605324
2192158
30514
135019
139211
164882
350766
1132123
2362832
2316403
2598710
599223
2131047
170811
1691409
999972
2201083
10737
2160193
75830
1800998
1468226
91871
2582793
1910236
2578767
1199710
703315
687750
2036717
914140
1256069
1821640
1285256
7196
58457
1392699
57251
2452067
2643449
1068610
840520
1085087
937100
1262983
359127
301168
1005654
1196955
260341
2404428
2232059
1043804
685614
657748
960862
1733608
1335057
1744593
1132423
477249
445105
2286662
736810
127849
799907
2136561
2348911
2182012
273060
2352346
2041154
1815080
313158
577593
203132
985268
1371108
1974927
1271531
2099056
78102
804414
795052
582582
1565755
2109088
905704
1285332
603882
1591087
2354900
2194328
2348796
1614968
134372
1152684
1638217
1568512
1857797
1687882
488012
1904049
980778
838120
2327294
1343081
2084543
2391342
2430758
1276931
1643330
2069744
2537515
1857316
1391721
989958
102099
1424084
971527
1679254
86374
2195212
1509273
795341
1534211
2456061
351197
1865887
2440658
1594836
1697410
350471
1603797
544859
141132
2124286
1203120
842037
1270371
2031456
1658459
958305
1020485
811227
2534009
2386652
1449717
606823
943806
293549
2422301
2194547
1589903
1496400
2610150
1508393
1207818
1719750
2490960
666706
1863197
2351833
1739839
2385925
1032306
386625
1232574
42325
294151
1500288
354877
2167513
1648844
136323
2601021
2413119
331486
465831
1081758
324862
965846
217756
324675
167563
1352845
1346104
25690
1206213
979890
2555680
1599414
453185
1134674
1499567
754358
1230136
1395053
2368485
91433
328150
905083
144078
1498900
1948678
873531
845731
2429251
2229399
988636
2548806
567680
2117743
655399
182008
1159796
2338492
448722
1777316
891575
645938
2088703
2512596
149761
514199
93293
1504049
2501580
1487263
779209
2374401
1850062
612129
24526
2593012
2600224
1736708
1589193
565431
1791072
742032
1190047
1460899
1466405
814123
2567055
1865133
147089
675674
798509
833881
267308
1303816
1702903
1452696
1745159
582910
1495127
68925
1687303
146187
133941
600245
1690981
1292952
2596463
2241042
1634992
1828616
514472
2581018
1736306
828399
44140
413837
1250611
2549614
2646207
390307
2535616
2390023
270850
1062836
439139
124793
128040
1062444
390761
2553859
1152060
1819769
1885881
1378458
2463138
2182599
2391923
795340
858764
1573067
805922
13934
579577
22642
587113
1753328
681719
2296857
2586325
403539
425395
818782
5498
2285841
783280
2128216
119440
1370190
93660
585993
115271
502491
1559585
220842
2534614
843821
2153809
233335
76374
1904770
297262
1684116
295898
1612900
88800
282186
564026
1801429
1007980
2017203
1235209
554061
490381
499406
1262767
378376
2413845
2241897
2343134
605177
1782958
1985490
1955072
1497723
1594939
2486013
2335220
2584778
738554
93893
1488301
1320066
72567
2189707
157583
2549055
1467395
487574
1663900
927137
2557756
1371089
1589316
2311790
974062
405349
2043235
2603179
2098283
1552299
1709049
833659
1350435
2438325
251003
238892
2137708
2197594
1843048
1228106
608039
916397
2260135
168095
1093107
1009771
387521
2210870
52990
1141443
2011130
302962
2324212
1200269
1113064
1915141
697854
1065047
138649
316421
493307
787834
2270493
1450536
1894020
2228121
1548770
1364557
410547
216248
559273
2248612
2061081
431416
36003
171329
1460183
1109253
1261105
1839465
197698
1886953
1206022
688543
849689
968326
2103624
1089983
1300432
446682
524580
1449174
2102546
428958
1484757
384158
685823
2185946
20549
1939409
1610030
935082
2468532
1205022
1829072
10081:
252944
1253220
1376599
298750
2408948
365261
2542796
10082:
67679
2105693
1484526
2032893
1088027
2015749
1137317
830280
1241315
198422
643328
1293235
466806
382161
419321
216007
1250282
1340743
2304761
1673125
1580477
918917
2288573
1817656
2469232
2030080
353168
2369595
604571
201208
1354635
285477
242417
1756727
391409
1654268
1358071
2418164
2167413
337217
1594978
1998673
1593823
2340881
392878
1471629
1901834
1641213
1519355
2287563
2269057
1048624
616307
165288
1204667
174767
2440869
818554
263799
1821403
189653
2328512
286846
1181191
18216
1329009
1330671
2399876
1323351
2038558
19289
1311389
169259
748360
1989766
28039
1942078
167693
2324454
1852311
609911
957591
2342930
1335502
702829
1737878
1684749
42380
1343922
707124
561460
2195485
2592516
1633578
801669
1810822
1194465
219406
1926993
2384501
1419417
2467784
2087722
468834
258474
2531296
606276
1664044
316378
2411249
647538
236634
644638
1983066
1478112
2478582
1987742
1698774
1390906
1099878
2268839
2346925
1427226
1225317
762412
2629402
380344
900180
1984749
1802819
872853
278634
76625
455711
2290292
1692450
294482
45032
1037555
1892141
1417763
991411
1896934
1672017
562069
684907
2571924
1864592
316946
51142
1121814
183252
1106681
1241798
2578354
867532
117115
1401071
344377
270931
1517718
1462097
512722
2158566
1911726
53303
2332377
2262588
834700
266595
425075
1103615
2545151
1907648
718090
2169111
997397
1224354
1822864
1513647
1551815
360613
1291346
1898663
1789040
2501565
2501042
1889935
2456321
2146322
1867069
972301
128962
2487763
186011
141215
857633
331721
1513337
519437
788801
921902
938836
1577940
492287
1315801
2491076
284172
1625671
2507690
927899
1778612
659603
984538
2350973
2522709
2377918
233647
2239148
1986676
2467598
419556
2474427
599723
1213996
1325550
1217445
1517952
10083:
939390
1128494
2517616
1752856
1417447
2527611
464815
652692
2161939
2218833
813694
1430552
1256963
1886834
376589
1139743
2527168
458392
750646
894205
439535
582722
1371696
1271675
1237465
370622
2499730
2458694
27675
2162572
2626914
10084:
405427
1756658
872398
2271220
166456
1415218
8336
236368
1422520
1072752
643292
2188435
336674
1260180
136807
1407851
752731
345191
745565
2152889
1226029
1755011
897881
63053
644558
1764459
227494
1575511
1245452
884500
1140367
299926
434339
720958
1184111
2614696
1915438
2451959
180222
1121775
396526
780444
2251346
1447720
10085:
703763
940556
2337151
2392090
1124270
1591560
54355
2220597
449440
40391
10086:
959126
2219036
10087:
375337
1049398
94719
157954
1480539
22133
1990078
162756
49355
2508097
2316429
605405
2379439
87909
431566
690000
10088:
1308505
1563881
158563
1048939
527634
2631668
1888501
1714428
1087650
109659
992679
1789926
415955
2326499
1113228
1628738
1913235
1472878
1050731
997332
1003143
1936544
1826689
2625943
1559911
980393
399689
2361532
37929
2025153
2478568
1088677
2576676
1714142
982776
516787
2325139
2393759
1995832
1865751
1614055
1457462
1556388
2335450
2594473
2181764
1982763
1875632
2302111
846574
2092301
1265878
1091833
453270
2539892
161964
777787
2191084
2438141
474247
692569
1385029
278223
349217
800638
843016
552159
1259166
2066795
1772940
397637
1763142
516433
2568024
76207
2484805
1192843
708785
2596315
2455437
1592001
1525552
671745
280962
2395053
2404849
272222
748801
121271
611287
731761
1463092
652297
359637
1079413
873369
2531020
2070536
741463
595799
1410211
2269323
2125714
1745000
809684
692230
879475
1350353
1072531
28346
359345
788441
1088013
438590
2039197
620850
624468
1381014
984002
1038814
405658
2139777
10089:
662823
1693997
1985602
2345955
1205751
1009:
771276
10090:
546726
1586837
332198
1379079
957953
1819779
1157016
2606628
571514
153301
1903095
2258395
642625
675374
874634
668240
916421
1205750
2202570
389498
360295
898519
1253426
1125189
744441
1679271
10091:
278568
1662187
1945220
151227
10092:
1404357
2170522
664256
2637702
1407307
1540482
1437035
2239532
668597
300819
215259
10094:
1188847
233058
160977
1828647
825904
947651
845196
1061602
1535959
490534
1434078
2412766
49768
187246
258366
540427
2448511
604086
940748
1924005
887234
39024
2525559
2048896
2234779
776980
2139710
2484321
2280894
2571914
1406587
2520829
1578668
1018107
240403
473399
626868
2284986
1296813
2598110
2120110
496440
2325074
1174715
1545082
1437226
1702907
2137336
1741391
560834
2301646
443440
606160
1099321
1124217
963711
2118460
340784
147205
576440
1764898
1100308
506230
1666184
1339504
632060
1084822
748763
2403666
1292958
1521705
91150
217835
1325083
191858
2498084
2384696
10095:
880039
979
1146509
1041412
62801
1983493
1647549
2208807
2488843
1577198
277858
2195610
1859163
2638666
1148126
675639
2311676
925061
2300816
254766
533445
2563776
2258425
833293
1708093
2079622
1351211
370263
151192
2351930
2190231
1222995
1304750
2601856
607862
2384318
1039775
1500640
656423
2364835
670488
2629374
1851680
1756375
462751
266493
2512180
2300176
1754362
2467063
2347324
10096:
565596
352740
537085
2104526
2296897
1620113
215385
844899
1448808
244360
307601
849618
1366677
1788628
1060246
2503865
354964
1591355
265080
1148888
2258084
1903035
1003019
1324587
1227148
378924
1836477
334658
1171174
701925
1393748
1470644
1186032
500413
1885932
318752
2554937
1478491
2264741
527018
935252
2355326
127934
459404
1640458
758500
1229701
1868905
2554637
1054433
2348445
757773
1566569
3053
1862897
219925
888436
2081761
332192
815696
410129
91036
659611
2538397
1607931
25233
1998037
10097:
987345
2468875
1037533
938703
1224959
737514
240869
298084
103889
255531
1226449
160892
1693787
1840613
462292
1818906
127008
818982
198630
240694
166267
1631069
2558578
343929
326858
345444
1983147
691208
2620516
1395175
10098:
97745
1259636
2369255
1855379
1037808
1791296
853788
10099:
2455256
2519214
2635437
2337346
2335075
1962908
159847
437074
80947
101:
330551
1777623
1151314
812892
2093536
315550
1010:
1146212
10100:
2324555
2360507
1539212
1105663
1842677
1721751
2434170
794874
1233297
695070
2143367
10101:
74841
380135
2092613
546941
2618683
1141923
395826
2160684
2255687
2388691
293374
1804140
1797672
1301746
1149299
793082
1331438
1767864
1875936
671801
305901
2497410
2349409
1486735
489119
468193
1176502
886345
10102:
368343
1331469
1971789
2399471
2051508
845683
1447132
2570852
2188435
211898
1744378
94134
2646238
778170
1923198
1748432
1561564
1354048
446310
449655
10103:
1590111
654502
873881
1320926
474648
1952473
2029890
142244
2148425
2443898
545432
98179
1119016
253168
980693
1355950
221857
2412881
1404024
2018034
1298319
1099506
511613
1521539
2236520
1138907
267880
1408257
567266
1509808
2573624
368065
1056041
2102677
2514777
758012
598548
2562020
395246
1783614
1581136
1202088
1789345
1461717
1637962
1665636
379557
1235320
2314380
343177
282654
154037
439536
2539573
1056896
132998
384788
1239467
500929
532586
1432044
2016045
2375550
221211
393550
1969364
474454
1378999
455922
1412058
1758289
562704
2426498
640263
2611467
1698636
2057973
1143539
10104:
579875
10105:
1051186
2545999
914059
544673
841235
814989
122726
1062102
1880295
1577724
324168
503333
1253624
2558951
2331848
2058799
2490259
2581032
1748663
986502
874505
2306618
394039
1115054
580688
1456139
2442177
876427
870590
1225693
389670
103484
583134
2632525
696860
379485
2289636
227437
1832780
333272
2436280
1844761
2205544
1353854
119361
1917373
1443472
1952583
857668
2238510
1556090
2603928
816037
935344
1918682
770129
883247
431725
2624437
1042459
442954
142543
1141463
90807
2334295
1065885
1949852
324754
1843728
1751501
2207967
242146
438763
797133
445045
1931285
408189
2158458
10106:
1946174
1351959
212759
2082078
1027103
164303
1806932
10107:
1767208
1775841
1179784
1964378
1461767
406122
936167
740582
52747
1649232
1387987
10108:
2348342
1648017
330221
10109:
2269854
1285978
1171375
1976232
225729
2135891
1016909
803322
1216326
2535874
2556523
809353
1782687
1817187
1011:
2082617
1314997
2246439
1222245
531398
1375578
1005940
415580
2599883
2624550
2238103
1297249
19508
2535505
556776
480419
1878679
1163892
2148643
346909
2161814
100482
916792
2190059
1101324
234115
1911308
73677
2000801
796610
1343042
1361441
205987
2582004
1886719
2637327
542320
947748
1797811
1248428
2455508
22910
874797
2036051
2057066
1504130
580374
2054810
66352
59218
1658868
2306170
1620114
2448252
1387073
2340852
332627
286791
2530843
1037713
2180019
504834
1282292
1093671
1588745
536484
402854
2028180
1686921
876370
471143
1832861
1242108
96836
2594264
589107
1512002
1947280
2185278