14307:
2131996
100797
1081043
1291198
2382886
1045470
2243770
2192158
1473956
940745
1720923
336679
2061569
1853544
930680
413718
2294850
2575496
313640
566515
1227925
218269
1636904
1665452
2629374
1656176
1449760
551512
1436247
172483
381635
1856991
1331343
976265
1295085
2158857
1569405
482209
1515418
2509639
14308:
1784102
1288561
1719881
1097970
2070183
440635
1192658
629568
672534
973655
1976115
1766777
2512437
1690588
357087
1847499
1752793
1668447
666338
1001862
943002
2128468
1899588
1829689
2133914
854458
2567124
2576591
14309:
1048550
739050
1901270
189720
1578868
542204
219846
2160976
167710
1500112
146399
2096220
355855
1705423
2264259
2171745
1177442
1710963
1618309
1485662
1008039
1878661
1316551
1431:
57332
615459
2499082
681130
1513080
145746
2356274
726341
1745599
14310:
945327
86096
1869803
1552569
2263160
699764
912974
2641871
54618
14311:
474371
372233
549833
1044582
1723547
1597295
2442751
1069597
383703
106390
1982137
2526943
14312:
1368231
239716
733332
897051
693789
1607001
2550966
10577
33331
1685190
1647722
1308624
2573171
1580909
2007891
2082376
2356634
481522
440860
731178
540459
647036
1288999
1418411
167344
106900
1312345
1969613
1274800
691333
1177657
1172617
1641810
1343057
1786620
1533832
733818
2099463
727485
2603300
1473823
1212467
2273188
1407103
2086110
2272398
1963329
675595
443741
930522
909265
12457
1215212
1437491
534388
1836064
1985120
2519120
2484302
850405
227132
1770240
2090060
1324484
1894627
2636379
139694
2388479
2361188
1591955
1751002
484902
1069092
1712274
205987
1957002
890920
803947
17342
1496553
1228393
2351488
2156889
1964335
2474526
734458
2514191
2362837
1903769
1826643
347273
2119085
992617
1143752
2070626
2014999
1098428
1466363
949694
1395149
2338966
2249254
370169
566310
628969
2289399
2061740
1277754
2305643
1861182
1141275
1954696
1707671
744807
2154932
1796370
1146088
580695
2015744
939198
307483
1970298
1852797
2466029
1097485
2018130
1980078
1807122
1637145
2271535
2257736
1223844
2019664
1483808
2080289
1752332
2547405
332243
1490148
2331127
2458303
2580983
81866
1666304
1807876
27250
651845
167151
1254295
2237875
1814431
2257951
1242170
722050
487497
1574990
1715610
982057
1695797
1878681
797518
383652
732337
2361975
660636
2051489
211605
1680302
1926024
2386756
955
2263720
1136281
1461261
1472884
2319595
2071020
1667780
1845977
234703
201518
241551
1754027
1389358
1781007
1598727
2293294
2514947
1711622
752963
1881029
957636
558952
403971
2508423
39725
919800
1681959
2425735
1910683
471823
203890
1197111
1044474
2040921
954854
2575535
87467
156269
1544885
1705772
1660085
1571262
1639896
1125805
846404
1069050
830916
421944
2148360
2570917
1949966
1856525
74658
135015
2358841
2073488
127425
780963
533267
1920173
1341710
1136517
1335912
365214
1185107
2644973
1126831
1789920
60091
993621
1801711
2011946
1040133
2632964
376982
802076
1303332
120426
463221
1767214
1883083
2011560
266209
700936
1024177
1377969
433864
83562
88012
1181644
160920
2290474
364270
2570792
372932
1088059
2086708
316031
599983
283704
779855
125552
870316
1211288
507270
2089141
362505
379544
2443848
433319
2052430
603135
265746
1683974
1215336
2104229
238775
1564189
1237463
2181620
14313:
1261177
2047793
2119144
1177979
1797829
1994194
1937487
779598
1466464
2259185
96593
43174
95325
1701772
2537677
149039
459652
1055089
2171927
367046
515508
1427491
292309
456734
1645779
674918
634524
50473
165605
741534
785559
185849
1670075
355964
1151116
1749604
2618714
335340
1804251
974055
2311148
216915
2415490
2398438
834250
1272778
271052
2329027
1551427
932119
1107800
1749280
796269
2211599
559094
2417698
830375
1948297
1836064
1340873
2121934
1841976
2049978
2512709
849760
693990
2562541
1162707
1662907
722889
680440
2522590
1220237
2539615
581720
2411233
1676821
1278293
602789
2640297
2249590
2281136
1537070
1883407
875473
1152277
2139774
762049
677845
501002
5333
1994641
1016833
241131
471553
1381608
1038521
557080
447599
1171575
214290
689466
897816
1076190
1638391
2331865
862421
2097429
1868763
2354787
1579205
674086
457117
2261841
1902032
1254761
2161880
1416569
473028
1954166
531469
32145
535582
1265355
79509
2383759
1039764
2035719
1039351
106031
1601745
57678
144621
27018
309682
625146
1479959
976594
379966
1934748
2343856
1617290
319512
554509
1712683
112872
2214886
1258177
1398354
2091855
1998599
183189
760435
132527
2469395
114093
818634
47212
2364327
113994
533064
2031820
1806457
613601
1821347
2416135
195522
1475443
2641599
1615054
1979996
488896
55780
747231
2144488
430697
794412
939111
1267228
1249205
195163
2067990
1353494
34537
1669842
330179
2350097
1823243
151893
2213237
1354441
2425973
404494
1992720
1606287
1163765
317510
1496125
2091320
2318219
402832
1617775
416997
2611983
300765
373122
651516
1377004
1941232
1504040
1750820
2100508
734833
1105208
629080
1599893
686452
906200
2613682
1503346
220774
1819609
2341663
305580
2393363
1092493
774926
2298156
1293811
1463454
409791
1327703
689334
1875898
979226
562718
710576
332025
2360927
1438586
1286543
2236468
1648345
1516823
1813176
2472322
595708
195042
219758
1830094
2397548
24565
1086636
217621
77486
1984941
2120842
1516237
212107
2091220
158062
1899939
2067874
1742559
810736
2137582
1156273
1938581
1808931
1212009
2639398
218731
703356
2385356
1296584
194616
1559585
1963105
1914824
873594
813022
1200301
1434431
1892305
1875980
64722
2207144
603862
77335
438965
128542
2564859
2486021
1059550
2318914
772137
1714031
1208901
943337
2319130
1900769
2425917
1104960
1124318
522304
2432513
646141
1084382
2024255
1639910
327091
1825615
733276
1380539
1809485
1298462
1955121
1049096
105355
2277851
2404365
1342098
1805165
1445701
556474
1145332
2305784
819653
1281628
929581
232888
2253928
1957851
1793885
989965
1270308
1274826
1915836
1892490
1736686
1547810
510161
14314:
906785
14315:
2302812
1774018
2091752
2086130
644464
91792
369338
1194898
202646
1230022
1792210
1124578
1927824
1033811
1621300
2589319
154485
2375257
1318946
150090
1825647
1863770
389006
1273033
1647556
1678066
1839750
1969155
1608968
991630
873656
1782901
918622
2492558
1341230
839420
756626
467709
1372495
1185669
240419
73519
267107
1974610
538795
923631
1217133
198938
2049560
1806433
335874
14316:
1100637
612656
1919302
1510842
14317:
160876
2482233
1155304
556955
419541
440737
2558811
2486839
1944217
1181550
926284
2575606
772400
1118228
413227
2257633
1723770
1077394
1535013
1733668
2008554
988764
1729082
1368840
2187508
101372
1205169
1831436
603477
54400
1039471
2428804
1668024
624044
2587365
1148126
1729400
2251365
1137683
1768450
2578839
2102249
2263705
2321529
1551437
2323550
2577232
1105604
1909086
170811
1782538
1144726
1592286
2191502
60378
2111114
250854
396904
1727214
947622
2259693
1057722
265750
1851441
2041589
842623
781601
285237
1605711
1086662
1592350
1072691
1601661
2621234
1541862
211344
420973
2304119
1250989
800115
1744520
137478
2456913
530691
259555
826906
1687857
1402153
2118819
884287
1570493
1303379
493828
2046481
2030967
558225
423943
2302935
1232703
1604113
310152
824051
1518834
2027196
2245890
2118083
1368548
1072968
256029
281659
2130442
916434
2426160
327306
1092856
815034
1290120
2527963
824274
550961
1729229
1563869
1124572
2167353
1053450
772824
2380473
1750751
1032449
925690
2291225
168283
1639587
1274883
2068416
922123
2003269
206117
1941438
12684
1493326
257314
1176706
972651
1495127
1281387
258232
2551406
962971
155226
59539
609231
2136523
551747
2083134
1100733
127356
1913036
532045
2377764
510790
2197150
707723
1099611
1567006
1664747
1939397
108956
1573552
488412
927775
2336043
2118031
2529453
1563438
269562
1807293
792338
2365871
905203
1123821
1167485
457258
1658942
1125978
1133003
2304229
1432952
761206
2159977
705323
1634338
1028324
1177695
1691484
2599560
148670
229081
866076
1926685
2012149
