16525:
1580764
819365
1543823
2631827
1338485
1083669
740264
1953060
161054
550261
1014922
232490
900261
1544175
1575869
1460362
299120
1904952
1655003
2260949
2307814
2265271
1414980
17919
1867073
550883
1902831
1655211
2166018
2558960
1072312
2553108
2414690
1311898
2370089
350790
1198530
1487349
1303167
708215
1498911
297718
1276275
1130212
178324
1423740
1983891
882024
1428050
1174587
2583897
2280291
1137278
641891
2378326
296434
2294805
1293788
1167568
649899
2011853
1434009
1547000
1865216
679869
2465871
1736278
916862
1103758
301321
1507175
1741534
1234382
88240
2615035
1363203
775020
220024
70476
1898433
16526:
424213
1648542
530397
381512
16527:
952951
2141037
517434
1793109
995701
509082
867412
1757056
535674
175935
1930086
16528:
1785148
1500916
1653:
1456270
2185494
16530:
548180
184732
16531:
1934236
1496843
2306557
244014
636515
838325
1581445
212322
14167:
434878
591273
662622
1668694
253139
2098439
122431
2378795
1355864
2433281
1730900
1643293
1027984
1330621
1528147
1788029
1210331
1786460
2438174
91871
2400244
1238732
76666
961365
2481629
1981337
1452528
1083883
1313789
132003
754162
1515962
1348839
1689149
1215829
1759116
1822877
1512579
1565257
924534
573569
2545412
559398
2384311
1742379
708235
2058643
115097
1691165
455153
1550207
14168:
1246612
319783
971859
2050943
14169:
1287575
1646805
1246744
2108679
2595265
769335
365759
1417:
1795865
622459
2500121
14170:
830963
989704
794375
2018947
539835
24451
2081632
1158540
310550
2032380
2077934
1483251
1181371
2507614
2552927
1870030
806976
905590
1092427
14171:
707166
2273966
1956625
702555
271988
1741065
1042791
455512
1707309
1219908
665090
1879868
2531858
2542553
1386892
933751
14172:
541176
14173:
1306846
1463986
1556792
1197830
504055
284830
748903
662269
1853830
263962
997249
1190684
1950719
2448589
1423855
1355787
212652
1925002
1214389
2552980
824449
353016
1473513
1807600
2170004
57369
2231633
780782
10833
2083904
2177075
302849
1785842
638222
626332
14174:
1799341
589887
69831
423522
1343046
14175:
1232643
1589443
1922681
2232317
2278803
1078514
2132087
28728
1622628
1849189
2507355
1960212
2559238
362207
1251664
1382403
56080
247797
1549096
1624567
2245883
1810422
815994
2162151
2418302
650419
2124208
1900962
1572433
376023
2173328
2612545
1732291
1296625
1440219
2481035
2624910
1678066
2433502
419090
2178:
1745120
114993
1274648
1919542
2366007
904379
1224172
1661162
630953
1374784
2348599
2077744
1407913
1317804
1384210
1413057
1479236
2427685
503295
2228943
202168
2206505
555617
2300374
1402192
1312946
2284743
223250
1223730
497598
466936
2048279
68800
2381448
533339
2276305
1261857
991709
762621
394435
338468
1988326
1384264
1534130
2421647
856421
579898
2281226
2630597
2265465
989940
197413
2016006
2601161
1996871
853949
2615818
592817
1691792
5442
2059340
1400566
1947975
1674254
1917149
1030918
282115
1066680
2643730
1969372
2235671
1912951
200927
1884173
188570
2139018
734866
1683103
2282032
1274619
1266246
676860
2069653
577075
1217849
2369407
2607820
526133
2430251
519771
938499
1499643
728931
2348692
1416917
1496191
2462577
336248
603766
2479338
60157
1709794
979646
2092735
1652587
427369
391909
138810
2075021
436739
588650
2264718
390403
1132307
2528970
2573033
2596773
2361546
1209142
552442
1674754
711995
432200
1713019
124406
566869
468198
263836
197512
63298
357427
1144499
664872
714534
2251295
320474
2511960
79799
1737606
740254
2406334
918342
1936341
191476
2512189
1883650
1347028
2428812
1024582
923612
1302335
2393741
2414666
1066463
1594008
1181837
1964200
1128275
2119079
2395133
2625448
2072481
730266
2331643
1512112
646328
1148276
196455
324822
1196650
2194133
2154349
1168551
1878773
500422
2214217
729424
554208
473429
383943
299167
1136703
1156578
2508272
1211121
1151404
1801243
80638
403181
1828596
2490697
2406958
434874
100121
1677519
2482513
1046108
529518
1339768
2073528
1747339
9462
893110
2353997
2473034
1904124
2589052
369124
191757
232847
2558019
2117041
728441
2320790
1831166
1263637
1912143
1574149
743554
1934635
890740
1499380
877613
704710
992285
2128843
786076
2570045
2238437
1611431
675091
448934
367866
1829634
1933742
1251599
1948207
2620763
211240
1774943
492460
927054
568441
1105226
226171
2629520
1387163
1419757
2443344
947874
2149265
1616581
2075129
328596
273414
928056
1884705
1324497
2531492
2615596
535540
1916232
1152524
2011681
429616
1606086
764057
2032778
674949
1490508
1277217
2593096
1677285
1992708
185623
2237432
105647
1119061
1291670
1125407
672735
2145183
869343
1969420
644459
1382407
593786
2101948
1524767
2077513
2275113
938541
1755075
1200493
1930807
155131
864463
1178715
1322167
2175118
1932351
1114056
2301016
894775
1956396
1099576
801745
2382495
486689
1371018
1050913
1226411
1748626
2189060
206783
164827
82845
1639011
1192215
1865128
1473782
858650
1502913
850372
1609366
2587638
318142
1031410
414886
1787157
883597
2314235
937678
1430115
2243583
446800
312234
503646
1171933
2454853
1212464
1727086
2317787
2611897
2056370
1688886
2313378
1325138
1147093
861487
2387673
2589313
936462
2473071
142210
1444094
2488511
858771
1212908
1534898
1253562
521562
2563421
1740787
380978
147998
913632
250786
411815
261073
227718
1193192
2038824
1901142
28878
1635276
946727
1987297
1459222
1950235
1984362
1478318
450556
684457
491054
2457534
2035269
2113326
623002
695284
1570545
1477611
1771360
1128124
994423
2335233
1872220
23714
1599207
1977514
249042
577367
1000885
2100837
1452356
2575999
1960450
1429841
2086094
2450751
2632109
138086
1777306
1497697
1411751
923484
2228409
303699
450105
2369009
2555808
10590
771563
1773757
2369229
2582055
225962
45807
983275
1488329
451866
970981
810224
909036
457265
1703586
1300768
1393446
1240079
2595106
1103791
2403854
808947
396022
810518
505999
204347
1497333
1773905
2325963
2446804
1926997
1517261
990131
1874242
1358027
1886360
339906
1792345
2517606
1467606
2472822
864385
1422350
1548437
1118601
699493
2094492
2290211
990239
1063574
1877494
162962
1679093
366809
1867496
80955
519951
959486
712514
573035
1755840
317194
149298
656660
2389009
2381148
1945049
1430730
2589668
2580386
2394682
1448840
1217720
2405815
1404768
2585489
1356394
2620305
2569099
736126
1467636
859249
441703
2238658
1746745
615010
303552
2247189
1179888
1106391
1186081
682173
2123626
343760
1601597
96804
1336448
1158127
82702
1001866
1832423
338795
1020893
1168133
18206
1026779
1937871
1954579
526398
1939855
2257794
2490288
327035
1074076
2050545
2271495
2516430
850956
444290
630498
2330104
1470976
1321640
784454
588163
2318298
669951
2889:
2079291
1999655
896450
2165658
2036122
2478052
2281267
538854
2202354
354316
2383804
1539146
772512
1561238
2079661
447839
1657597
1898069
2127497
1476635
2504672
1015195
1842490
265915
405193
2078813
1963215
957642
614575
1078002
48508
1505785
519211
310918
1709851
1677009
1416580
1467936
630566
1479222
1950314
780027
2162124
982074
1658021
202980
2227446
2232963
1318908
1571619
1412712
1974229
2561843
669265
1365356
2515855
1377588
1442147
49529
728234
485501
753038
1424169
2211364
1677242
289:
2418289
420783
1389212
1469191
2563564
1215665
1281467
2426379
1215759
2217704
1265479
167100
107761
478667
792337
922171
166128
2265316
2491226
2088881
2167863
1998038
2617185
2416829
2490176
2290732
1955333
584295
974475
111827
129360
2444947
1863476
1560099
1058867
1937008
2420442
2199617
2381076
2325794
1571713
313622
1442211
2178203
1442190
872215
1198545
2267960
1842850
2094591
2890:
630851
243963
297235
1996415
1757233
32966
2335603
105668
1926346
1142174
1479793
1603548
474541
2377728
295101
474032
1355717
246561
2129762
1390169
515166
622598
1222
553813
2225511
895992
570929
977718
1164864
1582098
2329980
109898
783399
439403
2002578
1748898
2195360
1137138
716447
2647328
581376
208725
640752
1821337
19480
1060780
1750270
1569789
529293
729783
1001869
2443977
102182
972668
2441383
1801342
1636913
2456365
1408056
1226903
1201434
1659535
493223
1772465
1244010
302479
2508893
869769
1599174
866820
1773232
1202320
996306
2449571
1247258
1644693
561882
1846655
2239021
1137332
791213
1365065
369550
2607892
330582
1215307
2189242
1826058
1849505
1687711
2454228
29841
1775303
2482487
837009
199814
1603024
1352984
1398500
151943
1914695
909049
1307769
1314777
2460714
886145
2495395
484748
230712
964584
1826917
382178
707160
1251441
604715
2075473
62245
630924
1388681
1274318
2535230
1362979
2210843
981636
1142038
718605
871882
1509170
1530129
1467973
2313488
1083249
150996
2563844
208272
