1:
30878
2647871
1283744
2488120
317050
1904905
1989766
14756
1027056
1149588
1394012
1406595
2529547
1682104
2625019
2603381
1774623
470861
712610
1772839
1059319
2380848
548064
10:
1952305
1531863
1000:
2326571
977808
1010534
1861759
79755
98259
1960212
97460
2623506
2409123
1959111
809597
2251189
537705
929584
506737
708895
1900790
2553920
1196779
2411446
1002296
1580442
100291
433455
2368043
906984
10000:
200206
523108
10001:
262828
2609496
1474804
831991
267142
2305771
220050
1959883
27822
2570808
90355
2417258
264764
143866
766895
714089
2350428
10002:
1450941
1213181
308502
2581993
10003:
1515111
10004:
1737087
1270334
1262711
1903515
2140798
2479158
2161335
2099522
1291600
2198877
2214717
1936582
84804
1257912
1263375
735147
1186407
350806
1141242
638738
590598
1704823
2238464
273497
2499539
2543444
119309
2540335
129495
956464
1648424
10005:
254775
1892654
469365
793736
926698
10006:
1093333
1982605
1534853
1632583
10007:
1204847
2160216
248206
835054
1064667
2419805
2084848
671106
2087887
1340891
1917538
2018945
2520477
10008:
1813636
2048630
930946
1492860
1687570
1122917
1885441
10009:
1927533
1789102
2263612
964421
701514
2120902
1001:
1050889
67976
1025642
624334
239718
549109
143504
584301
437680
2434971
400819
1841130
1926199
805709
545109
662875
74408
529725
1786012
2382523
1358422
780049
1894639
1014799
2176030
286045
1381947
386254
224172
404085
2005305
1956315
2580275
2110738
1525405
2187027
1995906
2133433
2097983
884805
2083077
1642134
2550380
2559056
1080407
1455000
498315
2464251
1149181
2117376
1368543
1216717
1727516
1771413
2326782
2423679
1198786
1042938
2640911
328713
2591056
256030
1363889
2615076
52736
1359594
1385396
2414993
1274754
715115
795536
1991455
1107351
1451770
1433190
1769644
875020
2456714
906813
837457
672807
1863197
2585014
666419
1849372
1308814
2344636
755775
768710
2334860
468090
1996056
1603215
274970
1060880
721144
1381762
1589154
2033841
1372601
2339869
41031
655047
916708
1924771
1686092
1552908
329102
1181907
1762077
1583835
773994
25452
321005
1369500
2429351
396491
1745676
2204817
2624938
491487
1298591
77828
1047191
2642897
2494183
1337506
1802655
126058
940778
1988427
1720476
1947287
31062
10010:
1462925
52050
650466
1813166
2224061
815731
154626
531384
696688
1088633
639327
59938
1856669
2034703
1060588
2475682
1075860
1633365
681503
186927
2374977
2113696
1677862
10011:
1624701
2646826
10012:
2445069
1483604
418164
2491070
1485175
1043648
1913770
2560523
2416960
161063
56741
2301550
1275794
10013:
2503691
1222878
843201
2271154
1346139
124014
1501028
2201453
225422
222553
1521657
295833
10616
512945
844777
973206
2246803
395087
2360499
1153049
1846387
1454544
1018789
914602
1321443
1150421
2045002
1379641
178089
291407
2229322
2177405
105997
2346736
1729494
472225
1233535
1529676
1414279
461311
1715286
1714052
649457
451510
494014
1544885
110412
1894679
1006623
467438
776931
952735
221590
348279
1911099
1923760
397753
10014:
1626179
1359761
430376
723484
839609
10015:
975179
829739
1732761
2162539
933118
467156
164480
613439
1312973
1769664
2477285
484575
2602717
1320821
1236649
705793
1395812
2056853
770517
1514136
988835
1172474
1213571
1801332
1623337
588400
2378764
2405069
10016:
1751359
234929
1759349
1604433
1003759
10017:
2280428
1129341
1377724
10018:
305767
2316945
2173031
676747
354053
2119257
2282361
1670793
1960248
73918
1516345
1236649
1403470
913554
647979
404170
2487526
502190
801510
2126132
1652905
828150
1634975
324441
1569186
905901
1435115
1140656
423065
178629
10019:
22036
1126085
487154
261890
204512
2350988
943653
1725053
1967016
2042897
513351
467597
475394
610785
1191387
2597191
289045
1466477
1970876
1259566
2049251
2535358
1041111
67095
1989902
1796655
1772740
2356037
884657
1367415
1394476
1137339
658929
518974
1568346
371346
1207852
719156
1151159
1882122
1340177
306688
2455675
1750548
2145783
1191324
389917
505579
814902
245527
1462807
459444
1591721
1214125
398395
2093048
1933736
1274113
1994982
258371
378543
1703266
2250647
2085688
2391227
2380848
1116868
2157768
1306541
1002:
2174660
1685301
2030264
1419286
2520929
2035568
1288929
1680156
1858104
988266
2633719
156594
1384253
1417842
10020:
922636
1967058
1949297
1562927
2138373
431122
1077653
167248
776126
722639
2341725
1252652
251807
1751559
2398282
705246
47787
1064752
2308022
2414321
945481
1854443
2035232
951643
2381070
1011906
908968
10021:
2366406
1033592
249998
1205724
10022:
510391
268014
2511719
661571
1824779
2178013
2104013
1829777
10023:
1429287
1321374
2563028
679315
1363076
982889
2107604
2286495
1756370
2317624
2548120
10024:
2059382
1210053
1654205
2027932
311377
2161379
1611053
516686
2529292
2248946
10025:
1791064
10027:
401511
2354884
1951605
1609548
2620148
37748
2414149
748800
1050405
408479
2361485
97178
329172
307876
812384
1619494
978638
825069
2472069
1837559
1549473
163607
932638
2106623
2611092
2602187
2310492
916375
1591556
2389108
1422109
764479
1945345
2308597
2092389
2505218
1973874
174668
672519
2568396
2015359
2228062
202876
2163080
2422758
536155
1179516
1503954
1967313
2577872
2327767
1169517
2269919
1608374
425537
1658682
669364
2057570
564258
1744450
527270
1656050
2420503
767061
1200899
712624
1955071
347886
1229916
1825013
402519
523629
58130
1155332
685923
2605052
865625
919670
1606382
1637481
644233
2011133
2055639
1766599
2032781
2609268
1561126
572440
10028:
1986255
1312610
1527666
1606775
1649392
1522640
440956
10029:
2293890
1141552
1823836
2551226
125:
1059927
1430142
263288
89800
1012904
994775
1943753
1713651
267861
1157143
260080
2472692
901269
522647
202463
805257
2073292
2236896
60802
449212
582504
1084397
389461
80007
774088
648287
2573618
382960
454329
1904556
1250:
942085
978567
2538271
2493903
2382001
2523906
2279903
467808
2125417
42293
2437203
558057
1667171
1526354
418377
2462144
1808190
1852076
911137
2607695
1859288
1923775
1447111
1297622
2597684
1652062
1387775
1234115
775839
200526
1859039
1441618
231611
991649
2615076
2119172
2210476
1844656
1763504
1856609
1608328
2305126
1357018
558549
2491429
1132300
1888751
1801905
1753400
566359
51848
985995
720770
1865481
315820
366688
439789
302015
206582
1924725
100809
2033841
371805
235860
1758379
978251
2496543
1993140
2460617
1242697
1533810
1114657
682402
1933824
257242
1966755
1106472
271390
1458659
955038
2052331
1468557
457387
653839
1968035
1032240
359853
906675
933623
12500:
933767
1309213
2366800
1526454
1883966
1667506
1924821
229327
1205821
1756068
2132056
891081
2072391
2140974
1767257
987144
1708677
1858696
2455913
1503805
2516024
2595551
2391071
1640586
1421829
1869144
1537135
1431068
2319371
778841
1069699
455884
1494017
986240
788529
2001075
634247
1315551
1376877
2482625
416587
908167
1197769
817811
268175
1741251
2198170
1240043
1230022
1443036
1219822
1612173
1861662
878141
1120332
496082
89368
1236271
548418
1737026
629502
2357954
1583723
2440681
2373992
1596332
271627
87133
1252629
1701932
2478510
270323
1149947
538313
1679151
1692058
18384
2262652
1900910
2275126
1877595
141253
285986
2282146
867696
1774943
2236520
1796166
628184
670065
625365
2281646
1373335
469447
573068
705080
2463561
628064
741953
65130
1023326
1755323
707136
1050188
562254
1131471
294331
236481
1455959
754508
2207308
1059452
931520
2489482
1162175
2565889
939446
1272168
1166216
1471256
1410648
1532580
2458216
91090
564432
1009937
1912122
1683604
2044635
861409
727099
2482776
764633
1203437
1013660
966056
756018
1628465
180448
1490416
2604131
1421832
1721769
1718433
1365863
572862
58024
1187892
2206118
1591767
1076846
1100433
1236017
1079428
2630266
236814
812688
1791115
509886
1033044
792225
1905870
1165996
1093757
2040884
2086905
2538325
1424091
555795
1001491
357431
602965
988433
2008228
2541197
1244088
1922976
2477149
1247477
758253
37300
880434
572011
2502310
1221374
775941
1318473
792250
2579247
2198349
2244894
2459735
26565
638652
1487263
1181755
217882
1015350
578255
417346
1447179
145239
2200914
575171
1913964
2643744
1312956
1373346
1822988
81686
1031255
2311522
741127
2351686
615953
2256639
1431142
614699
607391
1810779
2530419
519411
774222
1683889
1694552
1161358
370044
950145
2437728
1044526
16147
783188
144824
2115861
1143545
2176229
331645
132959
823507
2403834
1199139
1437973
2522448
1020743
2069250
1773434
852658
1328275
1121473
612701
1899885
432404
2133953
2609340
500476
1414540
1317244
2627243
2230994
907940
110134
2240390
735515
710150
2276179
1151902
1560393
1984363
1245730
697416
141736
122243
561612
1886487
1510017
1894189
1865829
943126
1553327
839739
2520575
1886499
1288419
2593204
1448434
1021304
772627
597964
1092789
2446707
2252481
667706
1128410
1953045
2387739
1574061
2219794
2627118
605832
1145766
1670275
2099701
2126953
963511
1809836
1609916
2301501
2543036
767208
532654
115310
2208708
2548799
1907093
2396873
917948
2441344
384753
1652828
1852870
1853564
826979
1209104
1549524
2114350
1187257
63786
1316220
12501:
119716
395685
1871287
2548396
883436
1907564
788741
1058576
556719
2631222
1212551
1007259
810595
1715980
1625022
198046
1512718
2128580
618999
871240
949016
1708651
1532275
1263381
1484406
2551473
2312444
2041957
2247205
1634930
1518440
1369226
1671
1678185
1995416
1072704
796076
1359190
995556
1132375
1341473
1107769
261643
727423
938108
1734535
428345
1990169
185393
459012
431076
2405330
227160
1842681
2483421
1948496
1691442
717866
2360874
2219791
577246
1586162
2356091
1989922
685739
1760074
642281
24356
1016102
2496079
1860626
649799
1902042
707334
1134791
2568619
2406619
1761836
194304
1226411
610432
2352440
97459
303346
2332076
1099273
544797
2388369
2407555
2289733
416871
556619
434387
2075326
2472886
2137979
1278219
339762
1504523
1590841
1338622
2095964
1317967
593674
545137
887815
1063041
1974254
2188055
297948
2009479
2328247
1069906
1305234
2506643
970589
1047700
1743185
524312
2610202
2236755
2422147
1898973
186127
1802297
2419351
124890
1752934
838581
1018311
1583579
2090855
2048148
2546362
2604062
1548873
972589
970968
1762156
474453
2032303
616287
579432
564310
2329788
1493940
938173
507995
769829
1761236
449661
1569438
678333
1153183
926127
2191650
1358277
1161952
2382486
1615186
1194884
2150831
1005512
664779
2626413
1671056
1308287
1860420
1953124
826557
1013589
1622929
1745000
1958794
2379039
1563980
397595
696411
645501
138727
859689
814108
1679601
1229370
906625
1801898
1621736
1524743
125642
1759893
665128
2097405
224933
61310
1149651
139517
969948
1849604
2146108
410718
824429
14421
1495312
