1:
1772839
2488120
1059319
1149588
1027056
1774623
317050
1283744
1904905
2603381
2380848
1682104
30878
1394012
2625019
1406595
1989766
548064
14756
2529547
712610
2647871
470861
2:
748922
1172326
715897
2418486
1636093
1131325
584750
1312846
1959936
2314531
3:
1148318
1543897
2229289
349821
2081473
823979
1822229
1347925
475143
177678
1993442
2561674
2390623
114072
1246260
2297310
311641
2344483
2428502
2251677
44402
2477231
1434479
1043428
307313
1514528
47512
1641505
4:
2434289
2573419
2498512
410199
5:
966156
1670942
1595756
789965
2311028
209999
221630
258801
1794541
755078
2604633
1919770
1203279
358664
1866900
1146126
401117
1496861
485369
2064033
1132285
2629637
1210948
959168
1117357
2620775
2469155
2170665
1538319
1207257
691460
1407684
70199
467152
927276
2145693
100750
2118727
2300421
81979
409927
2022147
553668
430715
952944
2573143
2203182
2101722
368977
2187025
1160178
382445
1597116
1722346
1128196
1808686
1488781
2498681
2425992
1210905
1874618
760104
2194429
1293611
6:
266808
1600311
1948924
1797692
2498356
2039559
1254977
2029758
1063699
2352259
123354
113867
1875222
682051
94660
320468
189162
2452707
212870
1641063
1064641
2498382
2107976
1790163
468582
942444
284410
244931
1351631
793852
1333911
631857
2640999
1118398
1005654
688463
7:
1550847
697116
1029108
8:
132677
2350581
2492480
1488177
32762
1075708
1344059
1057066
962879
2144214
2010250
1196016
2554912
1857762
1993243
1322367
1868447
1768251
1656573
1249483
1334284
2456589
87033
967637
2266549
168902
499574
1846216
1949651
1593992
2084541
467106
1735203
2169112
1697542
152946
2461028
176020
82726
1457016
2430016
292911
956820
2538611
2589714
399906
791836
721924
514772
2458045
482082
1489493
114327
1505888
1462587
1843888
1604834
1979409
886628
1242215
2233214
1941811
1036694
1589531
581894
96706
323665
1365941
209012
1483777
123117
1587012
177761
2449889
1325888
1239284
1124822
202305
2499854
811073
193010
1249545
168696
737396
959694
2647532
848905
423270
1743430
2452344
1526250
1792694
1100997
193689
1865666
1461736
2185558
2514501
2412733
1302756
1753296
40450
2319181
332654
1413839
1184063
1801755
1444437
2388007
1968479
663095
1202818
2253631
2072329
1994500
1236134
1905236
2337434
2455618
2400029
1047589
2094020
1806590
52439
109135
2440399
1786788
329790
412761
876199
2446710
476496
759737
1472064
2287010
1338587
283883
1333434
1669517
737767
891846
189397
449252
555120
510288
1423668
2479541
1058179
2564666
1884090
724101
1821407
565639
1020485
786404
989785
2486144
801961
2461695
1081034
993142
1517899
2002803
800306
2375458
530203
528343
1226969
1119265
2122242
475785
254375
1491723
1437423
1568281
472173
765678
2107686
1014783
1094102
2575623
2239691
388530
1753146
1848634
765444
1496433
1605680
955734
1598127
605398
1734461
2387289
395036
2602028
468044
2452817
1812260
2153452
2530578
531541
2214996
193161
276493
2000388
154250
2297948
1359830
1383905
1117708
1927066
295528
500218
695
2338262
675424
1875595
2586040
1466253
1598788
1457155
2006219
137706
1384664
2290335
642478
1107050
1183392
2481922
2430871
1456853
1960330
822869
270133
338649
932168
2557166
89827
1020333
1123668
1042749
855984
1101592
1129771
1510648
1917114
897928
125163
482717
611619
1436204
1835998
1146804
2127518
93709
174218
2511285
2054186
2592539
1481149
1850750
2241772
2533424
1310843
1822582
1625122
548725
2028996
2502705
1437282
2318512
1214640
995259
591935
906185
286153
757438
514351
476350
2517523
1562704
2581523
714322
392334
943873
558225
2218380
1315325
305768
745985
1474269
892029
1927834
1645029
1205946
1179045
1330195
1692512
307360
1946310
1341498
1685556
2122103
427769
30393
2040313
1878548
1368356
2575138
683973
2111693
92544
278596
1721758
1431924
1520824
2437570
409948
191634
567870
1159974
2397677
85908
1908188
2395221
1060311
2294446
1347238
2339555
2221136
2503032
1881585
1284947
800944
160896
166950
2109179
72629
449591
914421
1688743
1502807
1914939
1380804
1492402
925620
1974229
2255393
2081102
1226348
2558096
2427583
708873
2529152
1961872
1786541
2221449
1941733
1330456
860642
165837
912285
683855
2100097
169906
2612939
33066
1899543
1592828
155844
427470
1500833
1073564
406249
553636
1509265
21722
612143
1241054
988502
901416
1554644
2439394
610308
1170703
304566
2136143
460159
1394695
868399
401344
2606388
87888
2258083
846434
1386511
1682077
1815850
2336669
2578387
2216911
649016
379784
2292741
1928399
244961
189417
1816136
2416372
2252900
2352721
1581016
1327745
67923
90334
737004
2022518
1618522
2230416
1182100
398760
1101769
43906
1852869
2229008
1010271
1884757
1520279
730138
714804
413680
2629234
2078709
259275
105572
933998
1787066
2418962
2563416
1961028
906336
1357762
1751197
2571158
905074
1338697
497078
556769
344986
342803
422224
972700
172412
772267
1581674
871249
35647
322895
1898399
1857081
884736
268601
675134
309619
2218777
2327772
1218696
285639
836397
566482
32295
2273350
165451
1175189
2011304
416203
1518604
1112280
653233
336680
888996
2345797
362829
2616816
1620059
100825
73989
2314195
1323988
2033030
907557
2354125
2494594
919416
702226
2472811
2532276
79103
2195237
1612106
823699
1500364
481933
2593403
1819096
229028
1867068
1706217
1484776
1066008
1480218
2103180
1649017
1840067
1361846
1495189
2485470
2506798
1530313
2251830
191997
998178
2117067
1295417
2106063
348984
2369983
2233742
2497412
1668157
1067949
1139216
666840
1312541
515090
960527
357229
757762
2137643
79508
2390052
506033
458186
17713
1383092
2270634
1606587
1056337
553908
2355791
2035813
2222702
1277595
370088
2629028
2427227
233923
1037849
2602429
343920
1911700
1245099
128102
1713360
2609438
1246546
1724717
2009800
2471921
132387
1825492
699647
2563844
1631004
394181
530179
1454006
1730888
1122018
1274768
1781738
2381563
1202723
2607358
1635187
2046291
1604647
145009
2097186
2603169
203385
1020359
2466966
530018
1176611
502846
1940068
2107504
2328513
1602882
664605
1306989
2616561
1652212
1299169
1935656
989738
999426
452444
1391818
2547948
1019287
1390025
1163016
2107067
1721675
524995
1145926
2351058
1694656
230270
1649154
342333
400737
1772918
580861
1484800
1825329
1513947
2633545
1810386
2420478
2626658
1709367
820393
892157
662464
2058110
430675
772946
156679
1290434
621536
1991127
2526896
156552
2272333
409592
207031
1397153
558830
744814
927324
105599
1121521
657310
230817
1541676
1853144
87468
2410038
2585913
556756
2093456
1976406
1754503
380652
1728469
1376211
2187316
2593657
1954543
1317142
1707652
1664851
2632812
1816191
193751
1982047
1133334
174054
1655749
2121132
1841371
862298
464029
643582
2448660
2412799
1498250
2561176
968166
1721970
160801
1740882
1902337
1648657
1209105
661637
388655
1330874
726270
1658130
833204
1167883
1644477
1632291
1517718
994769
2636261
837656
1425490
2012184
575727
469750
1823384
2527135
2576108
1916499
870113
2495092
2327374
1696597
2613090
615183
2572113
2622242
2034306
549189
1631490
2239886
522020
115237
25176
2563421
2045407
1087392
937686
563887
2100637
2462654
360128
714374
1395848
1921856
623394
645375
2240589
2157566
358190
271907
902718
183291
2472855
30996
2603827
1487012
1984381
1895310
1475650
1633152
99865
1874233
843610
1608703
975886
1476826
531698
2161918
914221
1147147
93304
329442
1337982
2089600
682831
428531
985941
1796971
394017
2556196
1417922
2597911
96083
1705361
2309505
2142342
2123571
1250341
1126703
1794579
256316
1534254
1337224
1368684
135213
2130045
2363106
2071601
2517159
696431
2597173
2458381
156406
1699980
431179
1717273
2337730
1435401
1809835
2505886
658636
373433
2310259
2039450
596832
1729814
2003182
871377
268291
292993
1681810
1008243
1496118
2464557
1455142
2537449
2543215
1101266
570717
1441735
2631960
54606
1992224
1874547
2384817
574754
1269095
1595607
425189
2393918
79918
1136519
269382
1943333
2339293
2507233
1858836
2649033
2260480
996157
1369483
1423177
2359587
2069331
977820
427283
2173260
219897
1062201
582027
1185265
840801
1464163
788312
2337151
2552455
1359572
2402317
1166197
957960
1363869
2207522
153743
2330302
1590625
2434287
1336672
1649922
1040462
85181
2300806
747719
1286911
445744
2126920
2124755
446049
2281524
2291871
1078043
863081
2331622
2117478
810735
345548
541383
2566481
1145558
2526690
2196243
2259497
469454
102465
919258
376662
466631
946667
2010778
1068538
1301231
884291
2616830
559092
1512664
1826290
1870770
1104511
1996345
2622152
712618
552511
1797072
881644
1859795
401694
2008104
1530606
2354054
253215
2279423
1565060
134736
2182683
2216429
207131
66570
2426720
599125
1188229
1428520
2038806
2406002
2105500
473358
2245480
211505
619497
1316301
1518853
1068413
2444455
294809
1756003
1608442
1811252
1786750
9:
1166912
1990416
10:
1952305
1531863
11:
386427
669077
1562197
1012466
1340920
669117
1389422
1887139
178143
697474
1616284
2615605
2565053
12:
2305495
528356
2035299
1552874
1080872
1494683
2486771
1568056
1885503
713230
13:
615010
2131832
2349173
1763541
1860468
1195319
14:
668344
2447578
2160016
1598256
1510242
2460347
1307286
551748
1420093
1140547
15:
1714526
2257454
393062
1471457
1919493
1992224
29904
616735
46869
987507
1761514
16:
2356915
1210088
1178389
1954834
674927
1762082
93804
669156
2646160
2466397
2238483
796192
2419914
132594
892185
487867
2078728
1725705
2234000
1062213
2020045
1545203
2188086
1412535
973789
2141441
2550944
1279509
2213137
2219709
1732073
2242360
261654
2340654
2200600
1203779
1600210
1232715
2366677
240399
1844214
271420
2057355
1299368
2538567
1627400
922231
290670
1838252
17:
1309117
486802
2337603
866371
223077
1229287
1385877
2490539
571286
432447
898370
1607940
337202
431783
1700453
2003899
2395017
1550986
244077
1429293
2554566
1420255
1960855
381812
2308518
1560412
1848970
86730
594161
849237
1440629
1431761
467094
1469921
2204853
1508417
906091
1278662
1918591
1548286
1133974
2013153
1588901
1299450
125569
554567
159727
2570166
323253
1413269
524610
2302453
296743
1528362
175503
1244805
2096346
1523223
1950585
333273
779193
938590
845620
1118957
2291274
2604947
117939
999159
1428389
2048809
1059699
1021233
2602672
2619665
1941657
2186515
962225
645334
1913810
695238
114620
1462424
1365052
114618
1788613
526398
149588
2250196
325111
1567086
1750705
1689740
2202771
2000589
706405
860307
345655
398610
2490477
1626164
2608846
39450
380135
2317849
1239593
714346
2324465
2203026
496374
435771
297624
611315
1057372
91272
2558832
1504919
2152347
1026687
1728361
773761
2363204
339616
1643068
1305796
451309
87972
1180830
782781
1295028
1684601
1865788
1710240
2219876
2254872
1406428
2567417
206969
1410553
2452603
1924653
2253960
1825603
1131049
1416745
131221
156782
2322387
1865808
545115
911
163357
2424360
8230
339592
2274195
1094761
897734
1405051
2476251
774367
1135129
2040232
1689219
1192853
814432
918312
2421395
844417
723700
2081233
300572
1563848
973655
1761369
1894954
1842255
2488891
943590
1065873
374606
1693929
2613076
1246469
2395124
2068834
809762
1837290
807743
1316616
1940851
1465214
1305985
500793
1701438
1857268
1094203
1976824
1162041
378214
949923
1356520
203975
1390609
20392
1270218
51972
140440
1783227
2423874
251421
1581265
1192023
2585859
640531
1850737
515278
2002136
2561086
2535635
416400
2087272
313857
1073842
904315
1184580
1733839
843771
175869
1545107
282406
1980992
629260
1628934
412235
273404
1987956
2380395
1415803
417787
2205330
1078816
905310
97849
778442
675922
2298752
981883
2607964
149766
38473
1347064
975216
23589
25338
1176143
237936
229983
1890179
1876690
1460509
1357068
835544
1955133
157016
345752
1839424
289316
2185960
1416929
2415919
526661
1259487
237655
1997736
2430913
1030074
511340
999151
1523413
1007100
1573680
1327352
1750077
889738
1798203
306454
2562831
296354
1799716
1175588
589280
180306
1482288
1430935
581775
984482
1958428
535491
2099128
1867184
1253562
811568
2465247
896130
384188
990916
2378228
480759
2373311
1782410
630953
1167980
1369630
1979157
1856101
395796
1799311
1013391
2210523
650911
1061020
451827
1135293
894114
654840
650900
2359270
1861654
86221
2603559
922628
325338
1354046
2108637
1175674
480809
1940325
2576024
971507
907802
152050
2005819
672991
327993
1065691
1786989
2552611
1455720
1316599
2166492
1035097
1915478
1319306
1478264
324395
831603
2309640
2261008
992330
2260447
2542073
2070732
433559
1026367
637867
928941
2065265
2060540
2549774
1388257
2210746
1778466
1688945
446575
2266859
97350
2282634
1607424
1955352
2265286
340339
299805
1215431
1169021
415605
371369
1921387
1659827
529609
1675902
383067
1967929
91373
2029981
2291607
2271758
2403699
2585947
247744
1152904
57043
1280746
923710
54333
1058560
53043
411468
1951754
2548287
376013
2231134
168281
1163547
1992360
890518
2610874
1365991
262275
783142
42836
678662
673508
379291
443346
571280
2063672
1289557
1689045
960996
449233
1620868
912623
2504144
2405356
2624371
1474318
1602583
975758
110622
1515373
2628943
1835914
234325
746268
2481120
2474372
693193
1363753
1101177
953663
979398
1663871
319833
2285417
795483
852490
2450736
1704841
2033742
780855
715856
472660
1256979
1801463
486048
1859325
1598792
1351136
2108491
660837
549747
849867
2141356
2375482
1904657
2085988
2104319
1770376
1690809
255012
842107
405058
607797
1630811
2261547
1493912
2488910
914326
413175
1604716
239992
1047618
641760
1462799
631611
1602078
1293165
608026
1979806
1938254
212808
399760
1206927
1646956
307996
1308127
269776
393955
2408577
2135496
2112918
1826520
2302505
208255
2449999
93045
756962
919347
2067516
333011
1727556
2476409
1446574
1172522
632970
648973
2391026
1237152
1971939
958464
880609
1322387
876716
561624
2135488
1086540
2576949
832162
2494022
1579598
1227391
597781
537734
2174569
579197
2268359
680958
420080
300757
214934
1626533
2213584
2269750
1859420
1802262
2026740
809945
1700999
548690
1952409
55143
1193336
1374020
57843
2297101
188461
2383520
1964818
30873
2485550
763337
1533545
1816468
2024169
1850563
635117
2236922
380906
949465
2268019
2280704
498988
455645
2349204
874411
2134365
2329094
2148331
2461142
879303
227541
487068
958359
875092
2632227
1447561
1432255
1510107
1320408
15732
591866
2378189
2626597
1572350
376407
950712
1560582
