5020:
546726
257852
384836
883370
456776
529734
1757745
251613
2493300
1498630
1926165
835875
814017
2535358
1867926
459263
42549
1411426
12317
2136469
457117
2561483
522934
1459833
538783
960561
2009318
2419218
654639
497197
1063298
2446378
1855957
650883
1490558
266623
2438389
2536911
808984
13505:
1319609
47788
1840600
323629
2186872
2061425
2062:
2548781
12261:
803105
555812
1239755
1472344
1506:
1109833
2614779
2405694
1560498
1819539
327947
2484813
2306606
1115650
616548
338656
1193335
1471977
250528
1351040
813315
428427
2216789
2120895
2483993
3846:
662550
4228:
1125534
17412:
279313
946691
197412
36696
151666
1855953
1869659
812947
1223057
2471845
1468425
2273863
654228
1321284
2365148
1341523
1252151
2250105
2036771
387846
16707
166974
1850273
1597348
1379335
1115296
558083
1649046
608735
2471004
896379
943672
2338266
1029385
1036636
284686
1570073
2679:
36921
283112
759911
1198598
198367
9067:
622875
10983:
21612
1888972
9073:
447410
2127102
11164:
2211367
1651985
2048302
547838
2202223
216866
1198187
329129
935382
2454673
2296665
1356703
689139
2590972
60293
1380429
74047
1296235
2148005
2413451
1924725
1702411
2194166
2456948
1258235
2557607
688263
2191176
2026936
1794693
2537325
1502373
2169142
1902318
1369688
1123540
46913
1892215
2030347
1106099
2635967
1800988
632513
88327
991737
1796212
231630
1766843
1185524
2407142
852459
658141
1608294
564334
1537584
648492
2473871
2252584
284001
27979
1310538
2316770
1677291
1441221
1885118
652331
1230134
2446820
1250396
966955
961046
2386010
1470876
316876
1761611
2378415
1103692
2510421
1641689
357146
1597577
125740
410755
651867
560984
772937
610595
396786
1427570
2254911
1316618
48631
1869370
2482046
1055685
1547762
276422
1917663
753479
1310822
38320
738356
2597818
2037274
919440
1302652
26424
385548
752166
2282293
1963370
1058548
1543763
2607760
399369
452658
1879233
1890109
98571
794824
354877
2407249
2002266
1768477
1030350
79746
423815
2198239
834407
987926
487761
2547820
480696
500806
1734054
745391
441388
1385625
523717
537144
113854
2119931
1906007
393789
1267158
2466704
689474
2266504
2138626
1269116
1915171
1822308
2435071
634777
1600228
2140049
287222
532604
715783
1377318
504930
812796
93331
1656573
343329
5277:
1082734
2594679
2457946
1152483
2166040
2051455
101068
494741
1545484
968441
217584
2630457
639494
1493635
520243
2522672
1001734
1486535
2405172
168934
2334289
1765949
18786
1018816
491965
348285
452994
4891:
2624173
7762:
374791
608353
1850071
559886
1752638
2546703
2513879
2573015
1393428
1104846
49701
844506
20948
1915087
66685
807663
1684624
84094
672421
131102
792383
2087448
2007115
1156307
1630433
2405764
569379
595094
1309932
2060545
1563245
190418
17450:
1202818
1340738
1362118
1659075
8984:
806467
633998
610398
842972
2188083
3828:
1125671
1216103
1943830
1033179
1822783
875926
1085610
1022839
1206439
648887
527987
2504733
85824
2238450
1343194
5794:
2558490
6707:
2064189
1101368
2173790
357:
2046811
1897926
2596431
506602
154293
1605876
435711
278915
465652
117484
2445783
1255176
360721
218458
1375549
2427230
429097
407290
2288299
1596944
1385415
617195
1279294
1884836
2029818
964681
30393
2034850
2600361
1947337
1619429
2169656
1151440
1087359
914375
1997007
1500288
1333941
322307
2507460
1077518
2570840
362814
561672
1418622
613280
244916
44881
2193906
2637521
1991543
2332693
978339
1527377
1159641
531778
147327
2184802
591735
1411950
920914
1949467
771465
1622759
147998
826565
1447201
851568
2534482
594805
707899
924636
88245
2473013
1648638
392493
1439632
53418
1463391
124096
36003
1940
1956519
1025331
2034955
537048
34413
87229
1429685
409099
1197673
219799
1546389
978348
1901380
474325
2150307
404615
1470784
1101741
2364660
136783
2247031
1897239
2127794
2171374
2310525
1131915
499410
2102187
1523956
2083103
469494
184163
37683
2141908
1446258
2409596
2057638
1461988
2270546
576994
795973
1445631
1504483
332047
1887505
2310271
1493367
1543144
1556614
460079
527104
1483254
57043
240209
1615117
1045267
644309
1457395
1801398
877127
1576831
1044369
1930102
1534674
1490967
508379
2060593
1233555
972276
812637
654204
1074234
627576
158982
1548374
1193465
2628623
1262828
63258
798541
2347351
2162154
193639
417220
367152
2186131
1221848
1003056
531816
859146
1743595
602544
385583
390164
2185585
62197
2166030
829002
1598710
241779
745688
1993704
904113
138354
271999
741230
1825416
1053343
2133112
2313111
650549
2599937
1057299
1410633
1632480
739202
1687618
1072095
541481
482020
1471163
1303469
761686
506623
194252
1657406
1861478
1368151
1018031
2107328
746517
1011110
1012373
12669
1748077
1641457
622259
2643337
1374010
499739
1999117
324479
1382179
227165
2247097
205003
1522038
925465
302473
520517
467416
1049643
244513
2628274
512017
1274049
382565
466432
2628988
255643
977834
2234017
1799770
1188073
1894913
2268668
974033
1904241
983423
1901532
2100752
2631612
2437460
2203591
488945
1293666
4730
1880853
698071
2018450
643278
1568094
97234
2540193
646889
987656
1547474
2239546
1330941
1456824
2029446
1280216
1158944
879453
2098732
2437325
2015315
604694
2066490
1251899
1802748
2002504
335161
1301420
264508
677269
259111
967273
2376074
1774929
565586
193161
301073
680965
2333716
272190
2547001
2550915
182506
1767507
1116019
516691
701993
362861
481721
2207179
1561308
1903434
1188330
2326389
631834
1472410
1460983
1367762
256273
1340212
482895
755547
417031
1303948
1943868
1303569
514054
1780095
33358
1470178
1799917
835054
944664
2156352
1959862
1342289
2162536
875738
729782
1229162
193047
1045034
2132567
2473775
127857
2219225
983643
341711
353219
1052051
829326
1339738
2610611
528255
12818
2453607
469968
841089
2270474
926494
2080923
507002
1215870
649154
2275522
914812
677261
932624
1648497
1412372
220087
1508382
1297447
1743400
681762
1168748
2208852
147326
497634
1972315
433759
117969
1957824
2235183
2491790
1494130
620768
2241915
1657092
1976108
2528822
1807007
1405516
2633320
512248
2250241
1506739
1526189
885319
2289042
54763
1237056
429225
1973391
1064386
1975635
387963
2130132
1393340
1835309
2625509
685314
377319
32599
714322
1319620
2441313
2284038
2084034
2215085
46923
2096578
2202887
2075141
1316741
464303
2096960
1389312
707212
1271907
1727057
1258332
848683
1886404
970022
2606676
504540
458762
1441774
741528
910721
2378078
1050563
344007
2582416
2633089
2515039
1821400
1914163
2303981
1371211
2410284
2543307
2356852
203349
1616716
1016653
545982
902170
364464
1410843
263134
346494
1867982
122480
718474
1614934
1971270
2342897
496737
535720
1614930
1229986
281833
567290
2374613
299607
1873907
2216692
2398448
2381562
1801948
1589970
912643
1651281
494646
2612400
1379629
2162228
212647
113542
91311
2433629
272882
2261713
2551081
1147281
72345
779108
2291114
855214
894009
2632313
397884
130528
2131114
168981
2258221
2303864
1891748
242523
167199
334737
311985
2052489
1959531
1806238
693167
1252457
920213
2099165
873369
1464896
1308294
2175199
537027
1383255
2306209
733911
1632294
2510023
1270627
77914
2130387
664542
838911
1478345
987544
2158388
758002
541956
2251460
1365128
2112593
2430018
1093497
127386
2254768
343963
245315
1592790
719854
87486
935271
1956768
1831508
2521934
760635
1448153
960735
1194429
855812
1175415
802129
1901509
2418151
2086490
31997
2092649
36076
2049815
1937082
1726643
528005
2423381
1069082
2507493
1920507
1011591
337473
278086
1827564
2583675
2013679
2445535
1307740
1600184
2049412
949365
1213197
745369
953675
639036
2621884
2191521
1887352
1178620
1489407
1722013
371417
1007142
1033962
1396569
2133103
428216
1543978
2027101
2642947
2169760
908222
1687911
2607239
1542572
2211298
542730
907846
2300011
862142
166547
1117833
1996973
1406530
2437986
1739486
1088972
948492
1724867
1333330
1854047
2628665
311067
1427200
1513649
240989
2237905
1704330
1726925
575218
2613671
466805
2118258
1790033
467980
1813169
1326174
1482544
819583
1393706
2457950
427117
2308621
554212
238261
1750878
2516789
231880
951158
1111842
262753
791477
1719059
206954
2619136
2648827
1386568
2366234
2543178
1047008
2529341
943488
540140
969475
664931
2154951
1783200
858473
637795
1342657
1496150
952423
1405951
2541789
2104818
415619
2240995
950614
115362
1679418
2303382
974840
2596188
1321413
866544
2497306
150254
1629621
648115
86585
946179
1525960
2159185
1486920
2094827
2070311
312689
556134
2560172
1439965
2504900
1110197
2315918
510784
1690399
641756
1549268
476980
2053032
1705359
472878
2049560
2535378
1935340
1462841
963218
413165
935818
2258286
313353
1474876
2203039
323155
2236755
540397
1525586
1984111
1243579
1729229
616918
809109
1072925
568349
2358529
2521387
2201123
1498809
2148841
7301
1331335
2612989
2374051
2443898
2501510
292944
1636996
228860
1399155
1182440
1896771
1404843
2317853
1492775
817906
2607495
1031242
798150
1952721
2548566
982283
686895
896661
1966196
670451
296053
764474
1988559
541664
726890
609605
1545035
1003764
1608521
841354
1091335
1769705
1814326
1209528
1349574
1740741
98026
606529
2385606
995763
1197243
956483
1511488
918174
559558
747452
1921511
2469906
2506214
2014900
1897529
1642521
302477
2507034
1642570
2234170
2016123
1186414
340476
1724382
107079
354308
2180053
2086712
391867
900535
2279301
2559097
1253345
358407
394587
2354882
980058
1522016
45641
14336
676761
157001
2444300
75725
1053290
11018:
1004227
2380:
1493656
1331927
331084
1866714
1997282
1252076
3358
168627
1939032
232758
1877050
1632980
96919
1340264
2278662
47236
431990
792737
575550
2593050
1999605
562589
2272548
1398145
706243
913483
603418
1737974
1377895
398608
1267505
1243744
815656
1971616
2530071
2345991
579497
1268867
904621
735097
1933955
1470747
1713962
185978
920946
983990
2472:
2154110
1625600
1494683
536103
1921845
1576984
1720844
14985:
530000
1161942
1254672
1182475
2357405
2334397
105764
2492756
906239
28963
2017074
924352
1512341
1237328
2630854
839315
1417286
2609091
1190868
284995
2417734
2130:
1830987
152441
946300
1609487
256886
843398
520005
2561193
2115962
913645
1097454
2296243
531277
2533706
1198852
1184861
1531411
538384
1826801
1720746
344511
6442:
219898
105899
429441
1516036
2150985
1888450
2190645
874382
1992041
9608:
55554
2454795
1634:
1778851
1170955
1768020
2355101
2078036
2072760
800301
1076318
1131:
2316533
9530:
886377
2150807
7161:
1905871
39809
1446102
447498
888210
1913136
264832
2307091
8077:
562544
556870
1086053
4089
721603
1202799
758520
2014149
12300:
1223910
959396
2300583
2525827
213621
8532:
2028873
3142:
1989364
1671223
355591
2453225
1845838
600354
1393576
461230
53617
1087279
943861
1057808
331652
653528
991385
1094597
2060852
2351841
315894
109681
1874677
1159061
5645:
2199989
2007:
2404189
16736:
2299904
840928
2610877
16070:
1952549
15969:
1692491
2352985
1540438
1855434
1109594
23075
2257637
2061964
323681
843125
281455
2099420
1753119