16104:
364740
901215
1393057
1333044
917400
2147969
294877
405009
1881894
579844
542345
2245110
2104114
1325897
16105:
2186820
1264291
1217121
2385389
16106:
1556209
2066924
2054936
2576701
1604498
481794
1799394
772486
398040
1461579
762548
16107:
1611803
254201
620832
1891077
9816
2514060
2496962
2421781
1179512
720800
1296212
1111941
700525
773513
2440233
899195
2317514
1481482
151395
621130
423855
470943
2367364
422022
1232802
1372443
16108:
2133555
2510732
1871112
1142327
1970498
372071
1884504
1683881
373838
1807499
944837
2:
1959936
748922
1131325
1312846
2314531
1636093
584750
2418486
715897
1172326
20:
1254903
2219254
200:
2154548
1995042
2549716
364022
681019
1211870
1047221
2599148
2000:
2065357
1777883
2119856
121910
1068024
2035846
2593824
577748
569883
218109
1111449
70356
146064
1025640
1790294
246353
1160251
2424911
867044
576110
98434
2626915
1023829
268397
1308478
10577
1857214
997737
750495
2582644
1111541
2076455
2455669
121601
1272479
2000176
1613505
1598397
324403
1897066
1337144
1881800
381457
1472512
1740744
2384516
1354954
2023118
961710
2045827
106599
2462029
392616
1117217
837064
1108076
1471757
586208
1810840
1123540
1645694
2222015
558547
1468440
1282277
2544034
1370360
1956379
654341
15181
2129636
1227087
2220934
1143613
2039192
279710
1267046
1595569
1163072
1792312
311962
2291814
2218934
343439
445869
693799
576214
817261
1377774
69029
1518688
2467647
1778185
562377
1249562
176987
591880
338101
1029970
2570227
2366410
380496
1940514
1994989
1331957
1459444
314
445256
130670
1392498
491771
1882016
1297456
2539165
1598092
1094285
565946
688599
2605859
90328
150569
2066918
639475
1095539
1229569
1491075
305544
2615058
2647638
1690977
2561704
371734
1003719
555073
2318403
2475422
799813
2185919
1151665
1854578
1559989
1411284
2361230
703308
1302555
2566630
724322
824639
942746
1351220
65508
2439676
2633606
1453974
883348
153407
604715
1107368
997606
333769
1446093
721398
2012829
991743
1304413
2056662
87664
811963
143515
226813
3:
2344483
2229289
311641
2428502
475143
44402
47512
1246260
1148318
307313
1434479
1043428
2477231
349821
1514528
1641505
1993442
114072
2561674
2390623
2251677
2297310
823979
1543897
1347925
177678
1822229
2081473
30:
2640108
193498
618010
655330
937495
80295
2502122
1312269
2182386
1018836
1268551
1046513
316042
197443
2480084
932768
1892917
725596
2354291
307049
1604097
1588300
2368728
886563
1876877
2455124
1009082
1443683
2000622
1041498
476119
1217256
842925
2229483
4:
410199
2434289
2498512
2573419
40:
210487
1189322
1039248
2616386
400217
2342826
945327
2146123
2422544
2033694
1344257
2253156
1699957
516224
1516596
1913902
639923
1514561
1296554
2530608
865697
2463683
2412229
79143
1432790
1105672
588916
1108034
2474263
1769779
1450904
1986113
1906748
598850
2568913
400:
1050707
183667
97590
648988
691129
2027895
494543
1529346
949877
992901
2385340
1343386
625478
1030448
1267783
1106666
1924310
2305963
133000
266250
2317031
2188171
1535123
1227140
614457
634774
1134082
488754
1746542
1574068
160701
2086840
679822
360676
2224560
189071
661089
1013102
2048191
1849043
1770405
128222
2516572
487866
28595
974649
1010643
2353512
242211
612800
1182493
266499
1568605
777074
1780607
452974
3210
185823
1687256
2033292
1514327
1426701
1479308
2123660
239483
979834
2593355
1283421
1639386
504012
2356368
1747983
836219
1887538
211832
1779161
191576
2633414
429546
899516
1633819
406842
1128397
883521
1452812
2144088
242327
2058716
1007959
1059319
1025592
1083434
1052463
2287296
2326028
1959417
2293072
2393941
906462
2589444
1399116
641012
4000:
657811
4001:
48580
1033378
245808
1284991
2474555
2214341
2144291
1494381
1607759
14788
1178902
939767
1388095
1811569
1485270
1076954
385648
686029
1892852
613699
1508248
970497
4002:
294993
1166920
943734
1448637
1685134
1148602
1069906
1845582
1674834
696160
4003:
382432
4004:
1628355
1282822
389966
1878820
1843364
1745404
1349657
1410658
1159861
511883
2040501
559773
517454
1969751
647235
5:
2101722
2187025
2064033
2469155
1293611
467152
2425992
952944
1919770
100750
927276
1722346
1670942
430715
1407684
401117
2573143
382445
485369
70199
1207257
358664
2620775
1160178
1595756
2145693
2170665
409927
81979
1866900
1794541
1146126
1597116
2203182
553668
2194429
959168
1488781
221630
966156
2022147
2300421
755078
2604633
209999
258801
760104
2118727
2629637
1210905
691460
1496861
1874618
1808686
789965
2498681
1132285
368977
1210948
1203279
1128196
1117357
1538319
2311028
50:
2544332
2614700
2188684
1916105
454329
500:
1066943
1757745
1819620
714682
1721510
1972175
590222
2252822
2017576
5000:
628579
1657781
2485526
654283
1717337
1568124
2098338
1227492
859384
177123
5001:
1985565
928382
734508
1030269
740008
2174663
2022494
528615
2556586
5002:
2231079
230673
2107133
5003:
2476264
158198
5004:
354520
926989
699406
1661985
1363394
1861811
63292
1078792
564702
2539852
2171665
1878772
2355660
849942
333804
1305920
1154357
335625
2083299
2374346
761341
873045
1960061
1749804
600438
1436288
2053539
1646078
580566
2096687
1306336
1678907
1798603
416694
1233428
2454627
1808164
2594679
1217301
577795
243244
1440050
634414
1029197
2491790
1008606
2491841
2089204
2494075
1594043
1270133
1795744
1327217
1376269
1672858
2516508
2342948
898161
941190
56309
1358435
1392974
2196415
1870570
2445792
238368
242196
1792247
2437446
1493965
861267
492491
2241006
137487
2394540
417095
358902
1321012
1365746
2186176
2022746
1320491
637862
2344607
2150852
1410052
1259083
2143885
1903329
1624396
304791
691816
2367313
1074100
1810831
1752941
1895279
1041715
2020075
1693955
769986
870296
1847988
1687868
1563534
1233376
1797060
1610304
670621
2482938
2390762
2283789
2324470
1013660
2260602
1267801
622714
665185
944799
568029
2335583
2467713
1087816
1262804
625666
398734
2456737
2078002
1137681
1188221
2396664
1257006
2568375
2241240
1927232
1438652
2477451
2484843
557532
2169383
2306218
216878
1454205
222333
1354920
132985
1692866
773812
2576985
248014
2083815
1787082
2283018
711615
882082
2631546
1312849
473590
934564
1265556
1995576
1113520
1770242
1802010
180815
1834783
2288955
1813135
856715
1131767
1304797
2593383
111437
1422677
1897385
2028691
2234617
111787
498763
616028
1188399
1806091
398786
1139168
1812650
990268
1829832
26070
492002
1422214
1163490
1904246
2361821
2606092
1709776
138082
294775
1628409
1078704
1118603
701584
477034
1282705
1423745
1731357
594512
1415807
2165802
2518294
2601919
172883
312778
2359563
742448
483839
2389077
2047198
2266983
380788
649455
1008621
1379576
801972
1465357
958135
202659
2390273
529697
1886817
2018828
1949344
822905
2368853
1112489
796427
2020709
1903808
2567608
1474221
198321
289420
542257
2597610
2207898
116457
1601382
2364617
1201305
508315
2203101
682166
1254993
1069627
453719
1509857
2534960
47813
1766574
1517187
178940
1275210
218364
2224158
2471992
5005:
1486225
923423
384137
1341553
254049
1117061
305014
76444
2308600
5006:
958104
2516209
1920668
1206588
512037
794459
310371
2328383
2539627
1543505
17700:
1621501
17701:
305767
1832595
2059028
2495804
368755
900410
1034954
342989
2266957
1233761
286054
2137548
1664529
1042597
760943
17702:
2610109
1243451
845618
1989647
2558452
350699
1957180
860775
55309
350535
1600034
1831014
673797
2388753
17703:
477388
1328185
1232734
2397330
1182186
707296
1569216
2526419
2443940
1585222
1638982
1677674
2039201
2195992
980885
1318658
1896133
43274
1633245
1552077
2528563
940264
1600344
2448537
1155063
166031
463354
2116158
2505868
1174652
2424425
1161779
95727
1074591
1635624
1821201
1179351
1480734
601479
1258035
454092
2378621
160496
1844046
1921293
231625
526568
2248616
1297687
2409746
2349645
2529942
575969
1219602
1336128
1405691
494981
2058261
2310422
811686
1380175
1231842
1578010
1893198
2468078
554437
1453993
2574924
192949
584502
1407580
2141228
527953
2540508
830473
355435
81150
2083868
2637498
515746
1161306
396029
428610
2114971